idx	Train_S	Test_S	All_S	Train_T	Test_T	All_T	Train_T_10	Test_T_10	All_T_10	Other1	Other2
0	0.087142855	0.082	0.0856	0.08914286	0.082666665	0.0872	[0.0, 0.032738097, 0.014285714, 0.09039548, 0.43714285, 0.0, 0.3022599, 0.008695652, 0.0029498525, 0.0]	[0.0, 0.048780486, 0.0, 0.061643835, 0.43333334, 0.0, 0.26712328, 0.019354839, 0.0, 0.0]	[0.0, 0.038, 0.01, 0.082, 0.436, 0.0, 0.292, 0.012, 0.002, 0.0]	0.00011647254	8.062925e-07
10	0.1	0.1	0.1	0.1	0.1	0.1	[0.0, 0.0, 0.0, 0.0, 1.0, 0.0, 0.0, 0.0, 0.0, 0.0]	[0.0, 0.0, 0.0, 0.0, 1.0, 0.0, 0.0, 0.0, 0.0, 0.0]	[0.0, 0.0, 0.0, 0.0, 1.0, 0.0, 0.0, 0.0, 0.0, 0.0]	0.00020263647	5.1618554e-06
20	0.1	0.097333334	0.0992	0.09942857	0.09866667	0.0992	[0.0, 0.0, 0.0, 0.0, 0.9942857, 0.0, 0.0, 0.0, 0.0, 0.0]	[0.0, 0.0, 0.0, 0.0, 0.9866667, 0.0, 0.0, 0.0, 0.0, 0.0]	[0.0, 0.0, 0.0, 0.0, 0.992, 0.0, 0.0, 0.0, 0.0, 0.0]	0.0002812359	2.6425114e-05
30	0.1	0.1	0.1	0.1	0.1	0.1	[0.0, 0.0, 0.0, 0.0, 1.0, 0.0, 0.0, 0.0, 0.0, 0.0]	[0.0, 0.0, 0.0, 0.0, 1.0, 0.0, 0.0, 0.0, 0.0, 0.0]	[0.0, 0.0, 0.0, 0.0, 1.0, 0.0, 0.0, 0.0, 0.0, 0.0]	0.0002568846	6.405101e-05
40	0.1	0.1	0.1	0.1	0.1	0.1	[0.0, 0.0, 0.0, 0.0, 1.0, 0.0, 0.0, 0.0, 0.0, 0.0]	[0.0, 0.0, 0.0, 0.0, 1.0, 0.0, 0.0, 0.0, 0.0, 0.0]	[0.0, 0.0, 0.0, 0.0, 1.0, 0.0, 0.0, 0.0, 0.0, 0.0]	0.00025692652	8.784828e-05
50	0.1	0.1	0.1	0.1	0.1	0.1	[0.0, 0.0, 0.0, 0.0, 1.0, 0.0, 0.0, 0.0, 0.0, 0.0]	[0.0, 0.0, 0.0, 0.0, 1.0, 0.0, 0.0, 0.0, 0.0, 0.0]	[0.0, 0.0, 0.0, 0.0, 1.0, 0.0, 0.0, 0.0, 0.0, 0.0]	0.00022619008	7.5940625e-05
60	0.112	0.10666667	0.1104	0.10171428	0.104666665	0.1026	[0.0, 0.0, 0.0, 0.016949153, 1.0, 0.0, 0.0, 0.0, 0.0, 0.0]	[0.0, 0.0, 0.0, 0.047945205, 1.0, 0.0, 0.0, 0.0, 0.0, 0.0]	[0.0, 0.0, 0.0, 0.026, 1.0, 0.0, 0.0, 0.0, 0.0, 0.0]	0.00017241435	7.300498e-05
70	0.13057142	0.119333334	0.1272	0.11457143	0.10933334	0.113	[0.0, 0.0, 0.0, 0.1440678, 1.0, 0.0, 0.0, 0.0, 0.0, 0.0]	[0.0, 0.0, 0.0, 0.09589041, 1.0, 0.0, 0.0, 0.0, 0.0, 0.0]	[0.0, 0.0, 0.0, 0.13, 1.0, 0.0, 0.0, 0.0, 0.0, 0.0]	0.00021424191	7.1061426e-05
80	0.19428572	0.18	0.19	0.17542857	0.16866666	0.1734	[0.0, 0.0, 0.0, 0.8954802, 0.8485714, 0.0, 0.0, 0.0, 0.0, 0.0]	[0.0, 0.0, 0.0, 0.86986303, 0.84, 0.0, 0.0, 0.0, 0.0, 0.0]	[0.0, 0.0, 0.0, 0.888, 0.846, 0.0, 0.0, 0.0, 0.0, 0.0]	0.00023293635	6.160315e-05
90	0.113714285	0.10933334	0.1124	0.10171428	0.10333333	0.1022	[0.0, 0.0, 0.0, 0.016949153, 1.0, 0.0, 0.0, 0.0, 0.0, 0.0]	[0.0, 0.0, 0.0, 0.034246575, 1.0, 0.0, 0.0, 0.0, 0.0, 0.0]	[0.0, 0.0, 0.0, 0.022, 1.0, 0.0, 0.0, 0.0, 0.0, 0.0]	0.00022182707	6.520108e-05
100	0.12571429	0.114	0.1222	0.10657143	0.10666667	0.1066	[0.0, 0.0, 0.0, 0.06214689, 1.0, 0.0, 0.0028248588, 0.0, 0.0, 0.0]	[0.0, 0.0, 0.0, 0.06849315, 1.0, 0.0, 0.0, 0.0, 0.0, 0.0]	[0.0, 0.0, 0.0, 0.064, 1.0, 0.0, 0.002, 0.0, 0.0, 0.0]	0.0002268895	5.826389e-05
110	0.196	0.186	0.193	0.17057143	0.162	0.168	[0.0, 0.0, 0.0, 0.68926555, 0.99714285, 0.0, 0.011299435, 0.0, 0.0, 0.0]	[0.0, 0.0, 0.0, 0.6369863, 1.0, 0.0, 0.0, 0.0, 0.0, 0.0]	[0.0, 0.0, 0.0, 0.674, 0.998, 0.0, 0.008, 0.0, 0.0, 0.0]	0.0001561821	4.714157e-05
120	0.18485714	0.16266666	0.1782	0.14771429	0.13666667	0.1444	[0.0, 0.0, 0.0, 0.43502825, 1.0, 0.0, 0.036723163, 0.0, 0.0, 0.0]	[0.0, 0.0, 0.0, 0.3561644, 1.0, 0.0, 0.020547945, 0.0, 0.0, 0.0]	[0.0, 0.0, 0.0, 0.412, 1.0, 0.0, 0.032, 0.0, 0.0, 0.0]	0.00015451293	5.2049407e-05
130	0.21	0.196	0.2058	0.19342858	0.19133334	0.1928	[0.0, 0.0, 0.0, 0.98870057, 0.87714285, 0.0, 0.056497175, 0.0, 0.0, 0.0]	[0.0, 0.0, 0.0, 1.0, 0.88666666, 0.0, 0.05479452, 0.0, 0.0, 0.0]	[0.0, 0.0, 0.0, 0.992, 0.88, 0.0, 0.056, 0.0, 0.0, 0.0]	0.00021092803	1.88977e-05
140	0.19771428	0.18266666	0.1932	0.17142858	0.16733333	0.1702	[0.07225434, 0.0, 0.0, 0.6214689, 1.0, 0.0, 0.014124294, 0.0, 0.0, 0.0]	[0.097402595, 0.0, 0.0, 0.5753425, 1.0, 0.0, 0.01369863, 0.0, 0.0, 0.0]	[0.08, 0.0, 0.0, 0.608, 1.0, 0.0, 0.014, 0.0, 0.0, 0.0]	0.00018090568	2.9013609e-05
150	0.29	0.27266666	0.2848	0.24685714	0.24	0.2448	[1.0, 0.0, 0.0, 0.43502825, 1.0, 0.0, 0.03954802, 0.0, 0.0, 0.0]	[1.0, 0.0, 0.0, 0.34931508, 1.0, 0.0, 0.034246575, 0.0, 0.0, 0.0]	[1.0, 0.0, 0.0, 0.41, 1.0, 0.0, 0.038, 0.0, 0.0, 0.0]	0.00017122366	3.206462e-05
160	0.3822857	0.36266667	0.3764	0.32914287	0.33266667	0.3302	[1.0, 0.2827381, 0.0, 0.9293785, 1.0, 0.0, 0.09039548, 0.0, 0.0, 0.0]	[1.0, 0.2987805, 0.0, 0.8835617, 1.0, 0.0, 0.11643836, 0.0, 0.0, 0.0]	[1.0, 0.288, 0.0, 0.916, 1.0, 0.0, 0.098, 0.0, 0.0, 0.0]	0.00011527492	2.4973415e-06
170	0.41514286	0.41533333	0.4152	0.39457142	0.40333334	0.3972	[1.0, 0.9672619, 0.0, 0.8954802, 1.0, 0.0, 0.121468924, 0.0, 0.0, 0.0]	[1.0, 0.9756098, 0.0, 0.84931505, 1.0, 0.0, 0.11643836, 0.0, 0.0, 0.0]	[1.0, 0.97, 0.0, 0.882, 1.0, 0.0, 0.12, 0.0, 0.0, 0.0]	2.4504909e-05	1.0763528e-05
180	0.4222857	0.40133333	0.416	0.36685714	0.37466666	0.3692	[1.0, 0.375, 0.0, 0.9858757, 1.0, 0.0, 0.31920904, 0.0, 0.0, 0.0]	[1.0, 0.40243903, 0.0, 0.98630136, 1.0, 0.0, 0.32876712, 0.0, 0.0, 0.0]	[1.0, 0.384, 0.0, 0.986, 1.0, 0.0, 0.322, 0.0, 0.0, 0.0]	3.9143488e-05	2.2207736e-05
190	0.454	0.442	0.4504	0.41428572	0.42133334	0.4164	[1.0, 0.7529762, 0.0, 0.99435025, 1.0, 0.0, 0.42090395, 0.0, 0.0, 0.0]	[1.0, 0.74390244, 0.0, 1.0, 1.0, 0.0, 0.41095892, 0.0, 0.0, 0.0]	[1.0, 0.75, 0.0, 0.996, 1.0, 0.0, 0.418, 0.0, 0.0, 0.0]	2.5249901e-05	2.6158174e-05
200	0.422	0.4	0.4154	0.364	0.364	0.364	[1.0, 0.51488096, 0.0, 0.86440676, 1.0, 0.0, 0.27966103, 0.0, 0.0, 0.0]	[1.0, 0.47560975, 0.0, 0.8150685, 1.0, 0.0, 0.30821916, 0.0, 0.0, 0.0]	[1.0, 0.502, 0.0, 0.85, 1.0, 0.0, 0.288, 0.0, 0.0, 0.0]	4.3467153e-05	1.453131e-05
210	0.4577143	0.45066667	0.4556	0.42885715	0.44333333	0.4332	[1.0, 0.9345238, 0.0, 0.99717516, 1.0, 0.0, 0.3898305, 0.0, 0.0, 0.0]	[1.0, 0.93292683, 0.0, 1.0, 1.0, 0.0, 0.42465752, 0.0, 0.0, 0.0]	[1.0, 0.934, 0.0, 0.998, 1.0, 0.0, 0.4, 0.0, 0.0, 0.0]	7.263932e-05	5.7101715e-06
220	0.45885715	0.45133334	0.4566	0.4457143	0.45266667	0.4478	[1.0, 1.0, 0.0, 1.0, 1.0, 0.0, 0.4915254, 0.0, 0.0, 0.0]	[1.0, 1.0, 0.0, 1.0, 1.0, 0.0, 0.44520548, 0.0, 0.0, 0.0]	[1.0, 1.0, 0.0, 1.0, 1.0, 0.0, 0.478, 0.0, 0.0, 0.0]	0.00017102971	4.128646e-05
230	0.46742857	0.462	0.4658	0.45	0.462	0.4536	[1.0, 0.99404764, 0.0, 0.99435025, 1.0, 0.0, 0.5451977, 0.0, 0.0, 0.0]	[1.0, 1.0, 0.0, 1.0, 1.0, 0.0, 0.5410959, 0.0, 0.0, 0.0]	[1.0, 0.996, 0.0, 0.996, 1.0, 0.0, 0.544, 0.0, 0.0, 0.0]	0.00017418806	4.745333e-05
240	0.48171428	0.47933334	0.481	0.46942857	0.474	0.4708	[1.0, 1.0, 0.0, 1.0, 0.98285717, 0.0, 0.74293786, 0.0, 0.0, 0.0]	[1.0, 1.0, 0.0, 1.0, 0.96666664, 0.0, 0.69863015, 0.0, 0.0, 0.0]	[1.0, 1.0, 0.0, 1.0, 0.978, 0.0, 0.73, 0.0, 0.0, 0.0]	0.0001997354	7.350778e-05
250	0.47342858	0.46333334	0.4704	0.44285715	0.45533332	0.4466	[1.0, 1.0, 0.0, 0.9915254, 1.0, 0.0, 0.47175142, 0.0, 0.0, 0.0]	[1.0, 1.0, 0.0, 0.9931507, 1.0, 0.0, 0.47945204, 0.0, 0.0, 0.0]	[1.0, 1.0, 0.0, 0.992, 1.0, 0.0, 0.474, 0.0, 0.0, 0.0]	0.00027174922	4.7403737e-05
260	0.52342856	0.514	0.5206	0.4774286	0.48266667	0.479	[1.0, 0.9910714, 0.0057142857, 1.0, 1.0, 0.0, 0.8079096, 0.0, 0.0, 0.0]	[1.0, 0.9878049, 0.006666667, 1.0, 1.0, 0.0, 0.760274, 0.0, 0.0, 0.0]	[1.0, 0.99, 0.006, 1.0, 1.0, 0.0, 0.794, 0.0, 0.0, 0.0]	0.00033013057	7.9337275e-05
270	0.48314285	0.48	0.4822	0.46771428	0.472	0.469	[1.0, 1.0, 0.0, 1.0, 1.0, 0.0, 0.70903957, 0.0, 0.0, 0.0]	[1.0, 1.0, 0.0, 1.0, 1.0, 0.0, 0.6438356, 0.0, 0.0, 0.0]	[1.0, 1.0, 0.0, 1.0, 1.0, 0.0, 0.69, 0.0, 0.0, 0.0]	0.00042916322	9.9391094e-05
280	0.5145714	0.50333333	0.5112	0.46742857	0.47466666	0.4696	[1.0, 1.0, 0.0028571428, 1.0, 1.0, 0.0, 0.7033898, 0.0, 0.0, 0.0]	[1.0, 1.0, 0.006666667, 1.0, 1.0, 0.0, 0.6643836, 0.0, 0.0, 0.0]	[1.0, 1.0, 0.004, 1.0, 1.0, 0.0, 0.692, 0.0, 0.0, 0.0]	0.0005404828	5.9763785e-05
290	0.5534286	0.5413333	0.5498	0.48514286	0.49066666	0.4868	[1.0, 1.0, 0.028571429, 1.0, 1.0, 0.0, 0.85310733, 0.0, 0.0, 0.0]	[1.0, 1.0, 0.046666667, 1.0, 1.0, 0.0, 0.7876712, 0.0, 0.0, 0.0]	[1.0, 1.0, 0.034, 1.0, 1.0, 0.0, 0.834, 0.0, 0.0, 0.0]	0.0006341422	6.765744e-05
300	0.5557143	0.5453333	0.5526	0.484	0.49133334	0.4862	[1.0, 1.0, 0.05142857, 1.0, 1.0, 0.0, 0.81920904, 0.0, 0.0, 0.0]	[1.0, 1.0, 0.046666667, 1.0, 1.0, 0.0, 0.79452056, 0.0, 0.0, 0.0]	[1.0, 1.0, 0.05, 1.0, 1.0, 0.0, 0.812, 0.0, 0.0, 0.0]	0.000781707	5.1092473e-05
310	0.58514285	0.59	0.5866	0.5262857	0.534	0.5286	[1.0, 1.0, 0.42571428, 1.0, 1.0, 0.0, 0.8587571, 0.0, 0.0088495575, 0.0]	[1.0, 1.0, 0.44666666, 1.0, 1.0, 0.0, 0.82191783, 0.0, 0.0, 0.0]	[1.0, 1.0, 0.432, 1.0, 1.0, 0.0, 0.848, 0.0, 0.006, 0.0]	0.00084553054	3.404438e-05
320	0.5814286	0.58533335	0.5826	0.5245714	0.52666664	0.5252	[1.0, 1.0, 0.36285713, 1.0, 1.0, 0.0, 0.8757062, 0.0, 0.038348082, 0.0]	[1.0, 1.0, 0.35333332, 1.0, 1.0, 0.0, 0.8082192, 0.0, 0.031055901, 0.0]	[1.0, 1.0, 0.36, 1.0, 1.0, 0.0, 0.856, 0.0, 0.036, 0.0]	0.00092970766	3.0313618e-05
330	0.5742857	0.57733333	0.5752	0.5057143	0.5086667	0.5066	[1.0, 1.0, 0.22, 1.0, 1.0, 0.0, 0.8305085, 0.0, 0.038348082, 0.0]	[1.0, 1.0, 0.21333334, 1.0, 1.0, 0.0, 0.77397263, 0.0, 0.024844721, 0.0]	[1.0, 1.0, 0.218, 1.0, 1.0, 0.0, 0.814, 0.0, 0.034, 0.0]	0.0010913862	7.6206634e-06
340	0.602	0.60866666	0.604	0.56142855	0.564	0.5622	[1.0, 1.0, 0.61142856, 1.0, 1.0, 0.005524862, 0.92655367, 0.0, 0.10324484, 0.0]	[1.0, 1.0, 0.54, 1.0, 1.0, 0.007246377, 0.9109589, 0.0, 0.10559006, 0.0]	[1.0, 1.0, 0.59, 1.0, 1.0, 0.006, 0.922, 0.0, 0.104, 0.0]	0.0011742427	3.470527e-05
350	0.6082857	0.61	0.6088	0.55	0.556	0.5518	[1.0, 1.0, 0.48285714, 1.0, 1.0, 0.011049724, 0.9491525, 0.0028985508, 0.053097345, 0.03021978]	[1.0, 1.0, 0.48, 1.0, 1.0, 0.007246377, 0.9315069, 0.012903226, 0.024844721, 0.036764707]	[1.0, 1.0, 0.482, 1.0, 1.0, 0.01, 0.944, 0.006, 0.044, 0.032]	0.0013629012	4.1797175e-05
360	0.6502857	0.648	0.6496	0.62942857	0.634	0.6308	[1.0, 1.0, 0.6142857, 1.0, 1.0, 0.0718232, 0.92655367, 0.43188405, 0.28318584, 0.008241759]	[1.0, 1.0, 0.58, 1.0, 1.0, 0.08695652, 0.91780823, 0.37419355, 0.2857143, 0.0]	[1.0, 1.0, 0.604, 1.0, 1.0, 0.076, 0.924, 0.414, 0.284, 0.006]	0.0014960077	7.745053e-05
370	0.63857144	0.6446667	0.6404	0.614	0.6246667	0.6172	[1.0, 1.0, 0.7828571, 1.0, 1.0, 0.027624309, 0.9548023, 0.0, 0.40707964, 0.008241759]	[1.0, 1.0, 0.75333333, 1.0, 1.0, 0.036231883, 0.94520545, 0.0, 0.4099379, 0.007352941]	[1.0, 1.0, 0.774, 1.0, 1.0, 0.03, 0.952, 0.0, 0.408, 0.008]	0.0015231874	0.000106374384
380	0.64257145	0.63733333	0.641	0.5814286	0.5966667	0.586	[1.0, 1.0, 0.5857143, 1.0, 1.0, 0.046961326, 0.90677965, 0.0, 0.2979351, 0.013736264]	[1.0, 1.0, 0.5933333, 1.0, 1.0, 0.072463766, 0.8767123, 0.0, 0.33540374, 0.0]	[1.0, 1.0, 0.588, 1.0, 1.0, 0.054, 0.898, 0.0, 0.31, 0.01]	0.0017243773	9.71196e-05
390	0.68857145	0.6946667	0.6904	0.64657146	0.656	0.6494	[1.0, 1.0, 0.64857143, 1.0, 1.0, 0.24309392, 0.94350284, 0.30144927, 0.30973452, 0.052197803]	[1.0, 1.0, 0.64, 1.0, 1.0, 0.26811594, 0.9246575, 0.32258064, 0.26086956, 0.073529415]	[1.0, 1.0, 0.646, 1.0, 1.0, 0.25, 0.938, 0.308, 0.294, 0.058]	0.0017758226	0.00016462151
400	0.7377143	0.73466665	0.7368	0.682	0.68	0.6814	[1.0, 1.0, 0.43142858, 1.0, 1.0, 0.42265195, 0.96892655, 0.81449276, 0.11504425, 0.093406595]	[1.0, 1.0, 0.36666667, 1.0, 1.0, 0.442029, 0.9520548, 0.7419355, 0.08695652, 0.16176471]	[1.0, 1.0, 0.412, 1.0, 1.0, 0.428, 0.964, 0.792, 0.106, 0.112]	0.0019666553	0.00011743058
410	0.786	0.77066666	0.7814	0.75285715	0.76	0.755	[1.0, 1.0, 0.6, 1.0, 1.0, 0.7099447, 0.9322034, 0.9884058, 0.27138644, 0.052197803]	[1.0, 1.0, 0.58666664, 1.0, 1.0, 0.6884058, 0.9315069, 0.9677419, 0.25465837, 0.11764706]	[1.0, 1.0, 0.596, 1.0, 1.0, 0.704, 0.932, 0.982, 0.266, 0.07]	0.002056552	0.00019659789
420	0.7525714	0.75	0.7518	0.7442857	0.7506667	0.7462	[1.0, 1.0, 0.69142854, 1.0, 1.0, 0.6270718, 0.9830508, 0.60289854, 0.56047195, 0.010989011]	[1.0, 1.0, 0.68666667, 1.0, 1.0, 0.615942, 0.9794521, 0.59354836, 0.54658383, 0.007352941]	[1.0, 1.0, 0.69, 1.0, 1.0, 0.624, 0.982, 0.6, 0.556, 0.01]	0.002034272	0.00019736518
430	0.7408571	0.7273333	0.7368	0.68942857	0.696	0.6914	[1.0, 1.0, 0.56857145, 1.0, 1.0, 0.6546961, 0.9378531, 0.17391305, 0.5457227, 0.03846154]	[1.0, 1.0, 0.5133333, 1.0, 1.0, 0.65217394, 0.93835616, 0.21290323, 0.55279505, 0.029411765]	[1.0, 1.0, 0.552, 1.0, 1.0, 0.654, 0.938, 0.186, 0.548, 0.036]	0.0021741074	0.0002006162
440	0.7737143	0.76133335	0.77	0.7542857	0.746	0.7518	[1.0, 1.0, 0.47142857, 1.0, 1.0, 0.8480663, 0.9519774, 0.8057971, 0.41297936, 0.07417583]	[1.0, 1.0, 0.45333335, 1.0, 1.0, 0.8115942, 0.9315069, 0.716129, 0.4099379, 0.0882353]	[1.0, 1.0, 0.466, 1.0, 1.0, 0.838, 0.946, 0.778, 0.412, 0.078]	0.0022838209	0.00026106567
450	0.82	0.8093333	0.8168	0.7788572	0.78333336	0.7802	[1.0, 1.0, 0.45142856, 1.0, 1.0, 0.9751381, 0.9858757, 0.9942029, 0.2979351, 0.0989011]	[1.0, 1.0, 0.40666667, 1.0, 1.0, 0.9710145, 0.9794521, 0.9870968, 0.3043478, 0.15441176]	[1.0, 1.0, 0.438, 1.0, 1.0, 0.974, 0.984, 0.992, 0.3, 0.114]	0.0023893341	0.00019701477
460	0.8357143	0.824	0.8322	0.7731429	0.7686667	0.7718	[1.0, 1.0, 0.34285715, 1.0, 1.0, 0.9861878, 0.9830508, 1.0, 0.18879056, 0.23626374]	[1.0, 1.0, 0.28666666, 1.0, 1.0, 1.0, 0.9794521, 0.9935484, 0.16770187, 0.25]	[1.0, 1.0, 0.326, 1.0, 1.0, 0.99, 0.982, 0.998, 0.182, 0.24]	0.0025384147	0.00022562896
470	0.84885716	0.842	0.8468	0.77942854	0.77933335	0.7794	[1.0, 1.0, 0.29714286, 1.0, 1.0, 0.99723756, 0.9858757, 0.9971014, 0.539823, 0.0027472528]	[1.0, 1.0, 0.26, 1.0, 1.0, 1.0, 0.9726027, 0.9741936, 0.5279503, 0.0]	[1.0, 1.0, 0.286, 1.0, 1.0, 0.998, 0.982, 0.99, 0.536, 0.002]	0.0025377572	0.0002426242
480	0.802	0.792	0.799	0.73228574	0.7313333	0.732	[1.0, 1.0, 0.23428571, 1.0, 1.0, 0.9668508, 0.980226, 0.4695652, 0.6784661, 0.016483517]	[1.0, 1.0, 0.14666666, 1.0, 1.0, 0.9710145, 0.96575344, 0.47096774, 0.68944097, 0.014705882]	[1.0, 1.0, 0.208, 1.0, 1.0, 0.968, 0.976, 0.47, 0.682, 0.016]	0.002584828	0.00021920912
490	0.82685715	0.81	0.8218	0.7862857	0.78333336	0.7854	[1.0, 1.0, 0.35428572, 1.0, 1.0, 0.9944751, 0.9717514, 0.942029, 0.5339233, 0.08791209]	[1.0, 1.0, 0.30666667, 1.0, 1.0, 1.0, 0.9589041, 0.89032257, 0.55279505, 0.073529415]	[1.0, 1.0, 0.34, 1.0, 1.0, 0.996, 0.968, 0.926, 0.54, 0.084]	0.0027821437	0.00027140928
500	0.84885716	0.8426667	0.847	0.7897143	0.7953333	0.7914	[1.0, 1.0, 0.36285713, 1.0, 1.0, 1.0, 0.9915254, 1.0, 0.40707964, 0.1510989]	[1.0, 1.0, 0.33333334, 1.0, 1.0, 1.0, 0.98630136, 0.9935484, 0.45341614, 0.14705883]	[1.0, 1.0, 0.354, 1.0, 1.0, 1.0, 0.99, 0.998, 0.422, 0.15]	0.0028236583	0.0002523784
510	0.87285715	0.86466664	0.8704	0.78314286	0.7786667	0.7818	[1.0, 1.0, 0.117142856, 1.0, 1.0, 1.0, 0.9915254, 1.0, 0.24188791, 0.47802198]	[1.0, 1.0, 0.093333334, 1.0, 1.0, 1.0, 0.9931507, 1.0, 0.26708075, 0.43382353]	[1.0, 1.0, 0.11, 1.0, 1.0, 1.0, 0.992, 1.0, 0.25, 0.466]	0.003105674	0.00016283616
520	0.8748571	0.8666667	0.8724	0.7648571	0.77133334	0.7668	[1.0, 1.0, 0.18, 1.0, 1.0, 1.0, 0.980226, 1.0, 0.47492626, 0.035714287]	[1.0, 1.0, 0.14, 1.0, 1.0, 1.0, 0.9726027, 1.0, 0.5217391, 0.022058824]	[1.0, 1.0, 0.168, 1.0, 1.0, 1.0, 0.978, 1.0, 0.49, 0.032]	0.003139685	0.00027809595
530	0.8537143	0.8473333	0.8518	0.77	0.76533335	0.7686	[1.0, 1.0, 0.19142857, 1.0, 1.0, 1.0, 0.99717516, 0.8376812, 0.7020649, 0.0]	[1.0, 1.0, 0.12666667, 1.0, 1.0, 1.0, 0.9931507, 0.7870968, 0.6832298, 0.0]	[1.0, 1.0, 0.172, 1.0, 1.0, 1.0, 0.996, 0.822, 0.696, 0.0]	0.003153217	0.0002510196
540	0.85514283	0.84	0.8506	0.7788572	0.77066666	0.7764	[1.0, 1.0, 0.20285714, 1.0, 1.0, 1.0, 0.97740114, 0.9391304, 0.6460177, 0.04945055]	[1.0, 1.0, 0.14, 1.0, 1.0, 1.0, 0.9589041, 0.87741935, 0.63975155, 0.029411765]	[1.0, 1.0, 0.184, 1.0, 1.0, 1.0, 0.972, 0.92, 0.644, 0.044]	0.0033872854	0.00029057078
550	0.88	0.87	0.877	0.7885714	0.786	0.7878	[1.0, 1.0, 0.16571428, 1.0, 1.0, 1.0, 0.9830508, 1.0, 0.53097343, 0.22252747]	[1.0, 1.0, 0.10666667, 1.0, 1.0, 1.0, 0.98630136, 0.9935484, 0.55279505, 0.1764706]	[1.0, 1.0, 0.148, 1.0, 1.0, 1.0, 0.984, 0.998, 0.538, 0.21]	0.0034950124	0.00027972064
560	0.89028573	0.876	0.886	0.7814286	0.78466666	0.7824	[1.0, 1.0, 0.025714286, 1.0, 1.0, 1.0, 0.99435025, 1.0, 0.38053098, 0.41758242]	[1.0, 1.0, 0.02, 1.0, 1.0, 1.0, 0.9931507, 1.0, 0.4037267, 0.41911766]	[1.0, 1.0, 0.024, 1.0, 1.0, 1.0, 0.994, 1.0, 0.388, 0.418]	0.0037124734	0.00016596401
570	0.89028573	0.8746667	0.8856	0.772	0.77	0.7714	[1.0, 1.0, 0.06, 1.0, 1.0, 1.0, 0.9915254, 1.0, 0.41887906, 0.260989]	[1.0, 1.0, 0.02, 1.0, 1.0, 1.0, 0.9931507, 1.0, 0.4409938, 0.21323529]	[1.0, 1.0, 0.048, 1.0, 1.0, 1.0, 0.992, 1.0, 0.426, 0.248]	0.0038455864	0.0002421944
580	0.8905714	0.884	0.8886	0.77171427	0.77666664	0.7732	[1.0, 1.0, 0.105714284, 1.0, 1.0, 1.0, 0.99717516, 0.9971014, 0.6460177, 0.0]	[1.0, 1.0, 0.06666667, 1.0, 1.0, 1.0, 0.9931507, 0.9935484, 0.6459627, 0.0]	[1.0, 1.0, 0.094, 1.0, 1.0, 1.0, 0.996, 0.996, 0.646, 0.0]	0.0038718414	0.0002756333
590	0.888	0.87333333	0.8836	0.76714283	0.77	0.768	[1.0, 1.0, 0.074285716, 1.0, 1.0, 1.0, 0.99435025, 0.9188406, 0.71091443, 0.0027472528]	[1.0, 1.0, 0.06, 1.0, 1.0, 1.0, 0.9931507, 0.8516129, 0.72670805, 0.0]	[1.0, 1.0, 0.07, 1.0, 1.0, 1.0, 0.994, 0.898, 0.716, 0.002]	0.0040438836	0.0002829507
600	0.9077143	0.89	0.9024	0.76914287	0.77533334	0.771	[1.0, 1.0, 0.037142858, 1.0, 1.0, 1.0, 0.98870057, 1.0, 0.58112097, 0.10714286]	[1.0, 1.0, 0.02, 1.0, 1.0, 1.0, 0.9931507, 1.0, 0.60248446, 0.080882356]	[1.0, 1.0, 0.032, 1.0, 1.0, 1.0, 0.99, 1.0, 0.588, 0.1]	0.0042293286	0.000255686
610	0.8922857	0.87866664	0.8882	0.7577143	0.76533335	0.76	[1.0, 1.0, 0.06, 1.0, 1.0, 1.0, 1.0, 1.0, 0.47492626, 0.06318682]	[1.0, 1.0, 0.02, 1.0, 1.0, 1.0, 0.9931507, 1.0, 0.5217391, 0.066176474]	[1.0, 1.0, 0.048, 1.0, 1.0, 1.0, 0.998, 1.0, 0.49, 0.064]	0.0043093152	0.00022527436
620	0.9045714	0.88133335	0.8976	0.79	0.79866666	0.7926	[1.0, 1.0, 0.025714286, 1.0, 1.0, 1.0, 0.99717516, 1.0, 0.4159292, 0.4642857]	[1.0, 1.0, 0.013333334, 1.0, 1.0, 1.0, 0.9931507, 1.0, 0.46583852, 0.50735295]	[1.0, 1.0, 0.022, 1.0, 1.0, 1.0, 0.996, 1.0, 0.432, 0.476]	0.0045279693	0.0002076847
630	0.9045714	0.89533335	0.9018	0.75942856	0.76933336	0.7624	[1.0, 1.0, 0.011428571, 1.0, 1.0, 1.0, 0.99717516, 1.0, 0.6135693, 0.0]	[1.0, 1.0, 0.006666667, 1.0, 1.0, 1.0, 0.9931507, 0.9935484, 0.6335404, 0.0]	[1.0, 1.0, 0.01, 1.0, 1.0, 1.0, 0.996, 0.998, 0.62, 0.0]	0.0045606084	0.00024968665
640	0.90114284	0.898	0.9002	0.76771426	0.76933336	0.7682	[1.0, 1.0, 0.042857144, 1.0, 1.0, 1.0, 0.99717516, 0.9217391, 0.7463127, 0.0]	[1.0, 1.0, 0.026666667, 1.0, 1.0, 1.0, 0.9931507, 0.87741935, 0.72670805, 0.0]	[1.0, 1.0, 0.038, 1.0, 1.0, 1.0, 0.996, 0.908, 0.74, 0.0]	0.0046604853	0.00028783083
650	0.90885717	0.9073333	0.9084	0.77171427	0.7786667	0.7738	[1.0, 1.0, 0.042857144, 1.0, 1.0, 1.0, 0.99435025, 1.0, 0.6578171, 0.04945055]	[1.0, 1.0, 0.046666667, 1.0, 1.0, 1.0, 0.9931507, 0.9935484, 0.65217394, 0.036764707]	[1.0, 1.0, 0.044, 1.0, 1.0, 1.0, 0.994, 0.998, 0.656, 0.046]	0.0049624536	0.00028755493
660	0.9085714	0.892	0.9036	0.76285714	0.77066666	0.7652	[1.0, 1.0, 0.014285714, 1.0, 1.0, 1.0, 1.0, 1.0, 0.5457227, 0.09065934]	[1.0, 1.0, 0.013333334, 1.0, 1.0, 1.0, 0.9931507, 1.0, 0.57763976, 0.066176474]	[1.0, 1.0, 0.014, 1.0, 1.0, 1.0, 0.998, 1.0, 0.556, 0.084]	0.005012327	0.00024946174
670	0.91	0.89266664	0.9048	0.76771426	0.77066666	0.7686	[1.0, 1.0, 0.0028571428, 1.0, 1.0, 1.0, 0.99435025, 1.0, 0.46312684, 0.23076923]	[1.0, 1.0, 0.0, 1.0, 1.0, 1.0, 0.9931507, 1.0, 0.51552796, 0.15441176]	[1.0, 1.0, 0.002, 1.0, 1.0, 1.0, 0.994, 1.0, 0.48, 0.21]	0.00517271	0.00015601539
680	0.91314286	0.9	0.9092	0.7548571	0.7646667	0.7578	[1.0, 1.0, 0.008571428, 1.0, 1.0, 1.0, 0.99435025, 1.0, 0.5722714, 0.0]	[1.0, 1.0, 0.0, 1.0, 1.0, 1.0, 0.9931507, 1.0, 0.59006214, 0.0]	[1.0, 1.0, 0.006, 1.0, 1.0, 1.0, 0.994, 1.0, 0.578, 0.0]	0.0052887965	0.00020830706
690	0.912	0.9113333	0.9118	0.7702857	0.77533334	0.7718	[1.0, 1.0, 0.034285713, 1.0, 1.0, 1.0, 1.0, 0.9971014, 0.7020649, 0.0]	[1.0, 1.0, 0.013333334, 1.0, 1.0, 1.0, 0.9931507, 0.9741936, 0.70186335, 0.0]	[1.0, 1.0, 0.028, 1.0, 1.0, 1.0, 0.998, 0.99, 0.702, 0.0]	0.0053781187	0.00028472766
700	0.91657144	0.9166667	0.9166	0.77085716	0.7786667	0.7732	[1.0, 1.0, 0.037142858, 1.0, 1.0, 1.0, 0.99717516, 1.0, 0.6932153, 0.010989011]	[1.0, 1.0, 0.02, 1.0, 1.0, 1.0, 0.9931507, 0.9870968, 0.70186335, 0.014705882]	[1.0, 1.0, 0.032, 1.0, 1.0, 1.0, 0.996, 0.996, 0.696, 0.012]	0.005642863	0.00029789726
710	0.92314285	0.9113333	0.9196	0.76	0.7673333	0.7622	[1.0, 1.0, 0.0028571428, 1.0, 1.0, 1.0, 0.9915254, 1.0, 0.59292036, 0.03846154]	[1.0, 1.0, 0.0, 1.0, 1.0, 1.0, 0.9931507, 1.0, 0.5962733, 0.022058824]	[1.0, 1.0, 0.002, 1.0, 1.0, 1.0, 0.992, 1.0, 0.594, 0.034]	0.0057357782	0.00021257228
720	0.9122857	0.8946667	0.907	0.7505714	0.76133335	0.7538	[1.0, 1.0, 0.0028571428, 1.0, 1.0, 1.0, 1.0, 1.0, 0.51917404, 0.008241759]	[1.0, 1.0, 0.0, 1.0, 1.0, 1.0, 0.9931507, 1.0, 0.5590062, 0.0]	[1.0, 1.0, 0.002, 1.0, 1.0, 1.0, 0.998, 1.0, 0.532, 0.006]	0.0057744076	0.00018344144
730	0.91914284	0.904	0.9146	0.7617143	0.764	0.7624	[1.0, 1.0, 0.0028571428, 1.0, 1.0, 1.0, 0.99717516, 1.0, 0.5545723, 0.08516484]	[1.0, 1.0, 0.0, 1.0, 1.0, 1.0, 0.9931507, 1.0, 0.5714286, 0.014705882]	[1.0, 1.0, 0.002, 1.0, 1.0, 1.0, 0.996, 1.0, 0.56, 0.066]	0.0059584603	0.0002038742
740	0.92314285	0.92	0.9222	0.76685715	0.774	0.769	[1.0, 1.0, 0.0, 1.0, 1.0, 1.0, 1.0, 1.0, 0.69911504, 0.0]	[1.0, 1.0, 0.0, 1.0, 1.0, 1.0, 0.9931507, 0.9935484, 0.6832298, 0.0]	[1.0, 1.0, 0.0, 1.0, 1.0, 1.0, 0.998, 0.998, 0.694, 0.0]	0.0060422076	0.00023224158
750	0.932	0.928	0.9308	0.772	0.7786667	0.774	[1.0, 1.0, 0.0, 1.0, 1.0, 1.0, 0.99717516, 0.99130434, 0.7640118, 0.0]	[1.0, 1.0, 0.0, 1.0, 1.0, 1.0, 0.9931507, 0.9612903, 0.757764, 0.0]	[1.0, 1.0, 0.0, 1.0, 1.0, 1.0, 0.996, 0.982, 0.762, 0.0]	0.0062493132	0.00026808004
760	0.93057144	0.92466664	0.9288	0.7697143	0.77466667	0.7712	[1.0, 1.0, 0.0028571428, 1.0, 1.0, 1.0, 1.0, 1.0, 0.6666667, 0.054945055]	[1.0, 1.0, 0.0, 1.0, 1.0, 1.0, 0.9931507, 1.0, 0.65217394, 0.036764707]	[1.0, 1.0, 0.002, 1.0, 1.0, 1.0, 0.998, 1.0, 0.662, 0.05]	0.006478508	0.00023550447
770	0.92314285	0.912	0.9198	0.7591429	0.76666665	0.7614	[1.0, 1.0, 0.0028571428, 1.0, 1.0, 1.0, 1.0, 1.0, 0.6106195, 0.0054945056]	[1.0, 1.0, 0.0, 1.0, 1.0, 1.0, 0.9931507, 1.0, 0.6086956, 0.0]	[1.0, 1.0, 0.002, 1.0, 1.0, 1.0, 0.998, 1.0, 0.61, 0.004]	0.0064513125	0.00022154255
780	0.9234286	0.90933335	0.9192	0.76542854	0.77066666	0.767	[1.0, 1.0, 0.0, 1.0, 1.0, 1.0, 1.0, 1.0, 0.5427729, 0.13186814]	[1.0, 1.0, 0.0, 1.0, 1.0, 1.0, 0.9931507, 1.0, 0.57763976, 0.080882356]	[1.0, 1.0, 0.0, 1.0, 1.0, 1.0, 0.998, 1.0, 0.554, 0.118]	0.0066380436	0.0002040111
790	0.93114287	0.926	0.9296	0.7662857	0.774	0.7686	[1.0, 1.0, 0.0, 1.0, 1.0, 1.0, 1.0, 1.0, 0.6932153, 0.0]	[1.0, 1.0, 0.0, 1.0, 1.0, 1.0, 0.9931507, 1.0, 0.67701864, 0.0]	[1.0, 1.0, 0.0, 1.0, 1.0, 1.0, 0.998, 1.0, 0.688, 0.0]	0.0067234244	0.0001672164
800	0.94028574	0.936	0.939	0.7737143	0.782	0.7762	[1.0, 1.0, 0.0, 1.0, 1.0, 1.0, 1.0, 0.9942029, 0.7758112, 0.0]	[1.0, 1.0, 0.0, 1.0, 1.0, 1.0, 0.9931507, 0.9806452, 0.77018636, 0.0]	[1.0, 1.0, 0.0, 1.0, 1.0, 1.0, 0.998, 0.99, 0.774, 0.0]	0.0068873316	0.0003051099
810	0.93885714	0.93333334	0.9372	0.7745714	0.78066665	0.7764	[1.0, 1.0, 0.0028571428, 1.0, 1.0, 1.0, 1.0, 1.0, 0.7138643, 0.057692308]	[1.0, 1.0, 0.0, 1.0, 1.0, 1.0, 0.9931507, 0.9935484, 0.6956522, 0.05882353]	[1.0, 1.0, 0.002, 1.0, 1.0, 1.0, 0.998, 0.998, 0.708, 0.058]	0.007134487	0.00029058522
820	0.9382857	0.93	0.9358	0.7645714	0.772	0.7668	[1.0, 1.0, 0.0, 1.0, 1.0, 1.0, 1.0, 1.0, 0.6696165, 0.0054945056]	[1.0, 1.0, 0.0, 1.0, 1.0, 1.0, 0.9931507, 1.0, 0.6583851, 0.0]	[1.0, 1.0, 0.0, 1.0, 1.0, 1.0, 0.998, 1.0, 0.666, 0.004]	0.007173373	0.00020097103
830	0.9294286	0.92	0.9266	0.7577143	0.76666665	0.7604	[1.0, 1.0, 0.0, 1.0, 1.0, 1.0, 1.0, 1.0, 0.5781711, 0.024725275]	[1.0, 1.0, 0.0, 1.0, 1.0, 1.0, 0.9931507, 1.0, 0.6086956, 0.0]	[1.0, 1.0, 0.0, 1.0, 1.0, 1.0, 0.998, 1.0, 0.588, 0.018]	0.0072156936	0.00016861851
840	0.93714285	0.9293333	0.9348	0.7648571	0.7726667	0.7672	[1.0, 1.0, 0.0, 1.0, 1.0, 1.0, 1.0, 1.0, 0.6784661, 0.0]	[1.0, 1.0, 0.0, 1.0, 1.0, 1.0, 0.9931507, 1.0, 0.66459626, 0.0]	[1.0, 1.0, 0.0, 1.0, 1.0, 1.0, 0.998, 1.0, 0.674, 0.0]	0.0073665194	0.00018175482
850	0.9448571	0.9406667	0.9436	0.77257144	0.78	0.7748	[1.0, 1.0, 0.0, 1.0, 1.0, 1.0, 1.0, 1.0, 0.7581121, 0.0]	[1.0, 1.0, 0.0, 1.0, 1.0, 1.0, 0.9931507, 0.9935484, 0.73913044, 0.0]	[1.0, 1.0, 0.0, 1.0, 1.0, 1.0, 0.998, 0.998, 0.752, 0.0]	0.007509427	0.00027117622
860	0.9497143	0.94533336	0.9484	0.776	0.782	0.7778	[1.0, 1.0, 0.0, 1.0, 1.0, 1.0, 1.0, 1.0, 0.7817109, 0.010989011]	[1.0, 1.0, 0.0, 1.0, 1.0, 1.0, 0.9931507, 0.9870968, 0.757764, 0.007352941]	[1.0, 1.0, 0.0, 1.0, 1.0, 1.0, 0.998, 0.996, 0.774, 0.01]	0.0077423453	0.0002952856
870	0.9462857	0.938	0.9438	0.7674286	0.774	0.7694	[1.0, 1.0, 0.0, 1.0, 1.0, 1.0, 0.99435025, 1.0, 0.70501477, 0.0054945056]	[1.0, 1.0, 0.0, 1.0, 1.0, 1.0, 0.9931507, 1.0, 0.67701864, 0.0]	[1.0, 1.0, 0.0, 1.0, 1.0, 1.0, 0.994, 1.0, 0.696, 0.004]	0.00784795	0.00017032027
880	0.93685716	0.9293333	0.9346	0.7645714	0.77133334	0.7666	[1.0, 1.0, 0.0, 1.0, 1.0, 1.0, 1.0, 1.0, 0.67256635, 0.0027472528]	[1.0, 1.0, 0.0, 1.0, 1.0, 1.0, 0.9931507, 1.0, 0.65217394, 0.0]	[1.0, 1.0, 0.0, 1.0, 1.0, 1.0, 0.998, 1.0, 0.666, 0.002]	0.007825852	0.0002068379
890	0.9391429	0.9306667	0.9366	0.7705714	0.7733333	0.7714	[1.0, 1.0, 0.0, 1.0, 1.0, 1.0, 1.0, 1.0, 0.63716817, 0.093406595]	[1.0, 1.0, 0.0, 1.0, 1.0, 1.0, 0.9931507, 1.0, 0.6273292, 0.05147059]	[1.0, 1.0, 0.0, 1.0, 1.0, 1.0, 0.998, 1.0, 0.634, 0.082]	0.008032973	0.00025764154
900	0.95114285	0.94733334	0.95	0.774	0.7826667	0.7766	[1.0, 1.0, 0.0, 1.0, 1.0, 1.0, 1.0, 1.0, 0.77286136, 0.0]	[1.0, 1.0, 0.0, 1.0, 1.0, 1.0, 0.9931507, 0.9935484, 0.76397514, 0.0]	[1.0, 1.0, 0.0, 1.0, 1.0, 1.0, 0.998, 0.998, 0.77, 0.0]	0.00806441	0.00020428444
910	0.9588571	0.95133334	0.9566	0.7785714	0.7866667	0.781	[1.0, 1.0, 0.0, 1.0, 1.0, 1.0, 1.0, 1.0, 0.820059, 0.0]	[1.0, 1.0, 0.0, 1.0, 1.0, 1.0, 0.9931507, 0.9806452, 0.8074534, 0.007352941]	[1.0, 1.0, 0.0, 1.0, 1.0, 1.0, 0.998, 0.994, 0.816, 0.002]	0.008283773	0.00030364539
920	0.9517143	0.9486667	0.9508	0.7788572	0.78066665	0.7794	[1.0, 1.0, 0.0, 1.0, 1.0, 1.0, 1.0, 1.0, 0.7345133, 0.082417585]	[1.0, 1.0, 0.0, 1.0, 1.0, 1.0, 0.9931507, 1.0, 0.70186335, 0.04411765]	[1.0, 1.0, 0.0, 1.0, 1.0, 1.0, 0.998, 1.0, 0.724, 0.072]	0.0085209	0.00028061657
930	0.9497143	0.94666666	0.9488	0.7705714	0.77533334	0.772	[1.0, 1.0, 0.0, 1.0, 1.0, 1.0, 1.0, 1.0, 0.7345133, 0.0027472528]	[1.0, 1.0, 0.0, 1.0, 1.0, 1.0, 0.9931507, 1.0, 0.68944097, 0.0]	[1.0, 1.0, 0.0, 1.0, 1.0, 1.0, 0.998, 1.0, 0.72, 0.002]	0.0085355835	0.00023202784
940	0.9448571	0.938	0.9428	0.7674286	0.7726667	0.769	[1.0, 1.0, 0.0, 1.0, 1.0, 1.0, 1.0, 1.0, 0.6342183, 0.06593407]	[1.0, 1.0, 0.0, 1.0, 1.0, 1.0, 0.9931507, 1.0, 0.6335404, 0.036764707]	[1.0, 1.0, 0.0, 1.0, 1.0, 1.0, 0.998, 1.0, 0.634, 0.058]	0.008658194	0.00022338843
950	0.9557143	0.95	0.954	0.772	0.7826667	0.7752	[1.0, 1.0, 0.0, 1.0, 1.0, 1.0, 1.0, 1.0, 0.7522124, 0.0]	[1.0, 1.0, 0.0, 1.0, 1.0, 1.0, 0.9931507, 1.0, 0.757764, 0.0]	[1.0, 1.0, 0.0, 1.0, 1.0, 1.0, 0.998, 1.0, 0.754, 0.0]	0.008642489	0.00016799453
960	0.9597143	0.95533335	0.9584	0.77742857	0.786	0.78	[1.0, 1.0, 0.0, 1.0, 1.0, 1.0, 1.0, 1.0, 0.8082596, 0.0]	[1.0, 1.0, 0.0, 1.0, 1.0, 1.0, 0.9931507, 0.9935484, 0.7950311, 0.0]	[1.0, 1.0, 0.0, 1.0, 1.0, 1.0, 0.998, 0.998, 0.804, 0.0]	0.008839523	0.0003279203
970	0.9597143	0.954	0.958	0.7862857	0.794	0.7886	[1.0, 1.0, 0.0, 1.0, 1.0, 1.0, 0.99435025, 1.0, 0.76106197, 0.13461539]	[1.0, 1.0, 0.0, 1.0, 1.0, 1.0, 0.9931507, 1.0, 0.76397514, 0.11764706]	[1.0, 1.0, 0.0, 1.0, 1.0, 1.0, 0.994, 1.0, 0.762, 0.13]	0.009132463	0.00034685596
980	0.9554286	0.954	0.955	0.77171427	0.778	0.7736	[1.0, 1.0, 0.0, 1.0, 1.0, 1.0, 1.0, 1.0, 0.7463127, 0.0027472528]	[1.0, 1.0, 0.0, 1.0, 1.0, 1.0, 0.9931507, 1.0, 0.71428573, 0.0]	[1.0, 1.0, 0.0, 1.0, 1.0, 1.0, 0.998, 1.0, 0.736, 0.002]	0.009171332	0.00019892771
990	0.9488571	0.944	0.9474	0.76771426	0.77466667	0.7698	[1.0, 1.0, 0.0, 1.0, 1.0, 1.0, 1.0, 1.0, 0.7020649, 0.0054945056]	[1.0, 1.0, 0.0, 1.0, 1.0, 1.0, 1.0, 1.0, 0.67701864, 0.0]	[1.0, 1.0, 0.0, 1.0, 1.0, 1.0, 1.0, 1.0, 0.694, 0.004]	0.009141011	0.00021938235
1000	0.9554286	0.95066667	0.954	0.7722857	0.77666664	0.7736	[1.0, 1.0, 0.0, 1.0, 1.0, 1.0, 1.0, 1.0, 0.74336284, 0.010989011]	[1.0, 1.0, 0.0, 1.0, 1.0, 1.0, 0.9931507, 1.0, 0.70186335, 0.0]	[1.0, 1.0, 0.0, 1.0, 1.0, 1.0, 0.998, 1.0, 0.73, 0.008]	0.0092749065	0.00025289878
1010	0.96342856	0.9586667	0.962	0.7757143	0.7866667	0.779	[1.0, 1.0, 0.0, 1.0, 1.0, 1.0, 1.0, 1.0, 0.7905605, 0.0]	[1.0, 1.0, 0.0, 1.0, 1.0, 1.0, 1.0, 0.9935484, 0.7950311, 0.0]	[1.0, 1.0, 0.0, 1.0, 1.0, 1.0, 1.0, 0.998, 0.792, 0.0]	0.0093254335	0.00025818404
1020	0.9657143	0.962	0.9646	0.782	0.79066664	0.7846	[1.0, 1.0, 0.0, 1.0, 1.0, 1.0, 1.0, 1.0, 0.81710917, 0.035714287]	[1.0, 1.0, 0.0, 1.0, 1.0, 1.0, 0.9931507, 0.9935484, 0.8074534, 0.036764707]	[1.0, 1.0, 0.0, 1.0, 1.0, 1.0, 0.998, 0.998, 0.814, 0.036]	0.009596518	0.00032720505
1030	0.95914286	0.956	0.9582	0.77742857	0.7813333	0.7786	[1.0, 1.0, 0.0, 1.0, 1.0, 1.0, 1.0, 1.0, 0.7463127, 0.057692308]	[1.0, 1.0, 0.0, 1.0, 1.0, 1.0, 1.0, 1.0, 0.71428573, 0.029411765]	[1.0, 1.0, 0.0, 1.0, 1.0, 1.0, 1.0, 1.0, 0.736, 0.05]	0.009754504	0.00025778217
1040	0.958	0.956	0.9574	0.7722857	0.78	0.7746	[1.0, 1.0, 0.0, 1.0, 1.0, 1.0, 1.0, 1.0, 0.7522124, 0.0027472528]	[1.0, 1.0, 0.0, 1.0, 1.0, 1.0, 1.0, 1.0, 0.72670805, 0.0]	[1.0, 1.0, 0.0, 1.0, 1.0, 1.0, 1.0, 1.0, 0.744, 0.002]	0.009687269	0.00024096807
1050	0.95428574	0.948	0.9524	0.77685714	0.782	0.7784	[1.0, 1.0, 0.0, 1.0, 1.0, 1.0, 0.99717516, 1.0, 0.67551625, 0.12087912]	[1.0, 1.0, 0.0, 1.0, 1.0, 1.0, 1.0, 1.0, 0.6583851, 0.10294118]	[1.0, 1.0, 0.0, 1.0, 1.0, 1.0, 0.998, 1.0, 0.67, 0.116]	0.009899975	0.00026344042
1060	0.9662857	0.96066666	0.9646	0.7771429	0.788	0.7804	[1.0, 1.0, 0.0, 1.0, 1.0, 1.0, 1.0, 1.0, 0.8053097, 0.0]	[1.0, 1.0, 0.0, 1.0, 1.0, 1.0, 1.0, 0.9935484, 0.8074534, 0.0]	[1.0, 1.0, 0.0, 1.0, 1.0, 1.0, 1.0, 0.998, 0.806, 0.0]	0.009754862	0.00019297935
1070	0.96885717	0.964	0.9674	0.7802857	0.78866667	0.7828	[1.0, 1.0, 0.0, 1.0, 1.0, 1.0, 1.0, 1.0, 0.82890856, 0.008241759]	[1.0, 1.0, 0.0, 1.0, 1.0, 1.0, 1.0, 0.9935484, 0.8136646, 0.0]	[1.0, 1.0, 0.0, 1.0, 1.0, 1.0, 1.0, 0.998, 0.824, 0.006]	0.010001078	0.0003405311
1080	0.9645714	0.96	0.9632	0.7945714	0.7966667	0.7952	[1.0, 1.0, 0.0, 1.0, 1.0, 1.0, 0.99435025, 1.0, 0.7581121, 0.21703297]	[1.0, 1.0, 0.0, 1.0, 1.0, 1.0, 1.0, 1.0, 0.7453416, 0.16176471]	[1.0, 1.0, 0.0, 1.0, 1.0, 1.0, 0.996, 1.0, 0.754, 0.202]	0.0102930935	0.00033343933
1090	0.96685714	0.95933336	0.9646	0.77342856	0.786	0.7772	[1.0, 1.0, 0.0, 1.0, 1.0, 1.0, 1.0, 1.0, 0.7640118, 0.0027472528]	[1.0, 1.0, 0.0, 1.0, 1.0, 1.0, 1.0, 1.0, 0.7826087, 0.0]	[1.0, 1.0, 0.0, 1.0, 1.0, 1.0, 1.0, 1.0, 0.77, 0.002]	0.010279863	0.0002402491
1100	0.95714283	0.95266664	0.9558	0.7705714	0.778	0.7728	[1.0, 1.0, 0.0, 1.0, 1.0, 1.0, 0.99717516, 1.0, 0.6932153, 0.043956045]	[1.0, 1.0, 0.0, 1.0, 1.0, 1.0, 1.0, 1.0, 0.67701864, 0.036764707]	[1.0, 1.0, 0.0, 1.0, 1.0, 1.0, 0.998, 1.0, 0.688, 0.042]	0.010331997	0.00021022
1110	0.96828574	0.96066666	0.966	0.7754286	0.7873333	0.779	[1.0, 1.0, 0.0, 1.0, 1.0, 1.0, 1.0, 1.0, 0.78466076, 0.0027472528]	[1.0, 1.0, 0.0, 1.0, 1.0, 1.0, 1.0, 1.0, 0.7950311, 0.0]	[1.0, 1.0, 0.0, 1.0, 1.0, 1.0, 1.0, 1.0, 0.788, 0.002]	0.010300854	0.00022926368
1120	0.97057146	0.9633333	0.9684	0.7777143	0.78866667	0.781	[1.0, 1.0, 0.0, 1.0, 1.0, 1.0, 1.0, 1.0, 0.8082596, 0.0027472528]	[1.0, 1.0, 0.0, 1.0, 1.0, 1.0, 1.0, 1.0, 0.8074534, 0.0]	[1.0, 1.0, 0.0, 1.0, 1.0, 1.0, 1.0, 1.0, 0.808, 0.002]	0.010449737	0.00029805442
1130	0.97171426	0.96533334	0.9698	0.792	0.79733336	0.7936	[1.0, 1.0, 0.0, 1.0, 1.0, 1.0, 1.0, 1.0, 0.8023599, 0.1456044]	[1.0, 1.0, 0.0, 1.0, 1.0, 1.0, 1.0, 1.0, 0.80124223, 0.10294118]	[1.0, 1.0, 0.0, 1.0, 1.0, 1.0, 1.0, 1.0, 0.802, 0.134]	0.010732743	0.0003464364
1140	0.96685714	0.96	0.9648	0.77485716	0.78333336	0.7774	[1.0, 1.0, 0.0, 1.0, 1.0, 1.0, 1.0, 1.0, 0.7640118, 0.016483517]	[1.0, 1.0, 0.0, 1.0, 1.0, 1.0, 1.0, 1.0, 0.7515528, 0.007352941]	[1.0, 1.0, 0.0, 1.0, 1.0, 1.0, 1.0, 1.0, 0.76, 0.014]	0.010769321	0.0002215216
1150	0.96514285	0.95933336	0.9634	0.77342856	0.7813333	0.7758	[1.0, 1.0, 0.0, 1.0, 1.0, 1.0, 1.0, 1.0, 0.76106197, 0.0054945056]	[1.0, 1.0, 0.0, 1.0, 1.0, 1.0, 1.0, 1.0, 0.73913044, 0.0]	[1.0, 1.0, 0.0, 1.0, 1.0, 1.0, 1.0, 1.0, 0.754, 0.004]	0.010676581	0.00022342848
1160	0.96342856	0.956	0.9612	0.78485715	0.78933334	0.7862	[1.0, 1.0, 0.0, 1.0, 1.0, 1.0, 1.0, 1.0, 0.72861356, 0.1456044]	[1.0, 1.0, 0.0, 1.0, 1.0, 1.0, 1.0, 1.0, 0.70186335, 0.13235295]	[1.0, 1.0, 0.0, 1.0, 1.0, 1.0, 1.0, 1.0, 0.72, 0.142]	0.010914562	0.00026953965
1170	0.9711428	0.964	0.969	0.7814286	0.78933334	0.7838	[1.0, 1.0, 0.0, 1.0, 0.99714285, 1.0, 1.0, 1.0, 0.85250735, 0.0]	[1.0, 1.0, 0.0, 1.0, 1.0, 1.0, 1.0, 1.0, 0.8136646, 0.0]	[1.0, 1.0, 0.0, 1.0, 0.998, 1.0, 1.0, 1.0, 0.84, 0.0]	0.010763524	0.00025411788
1180	0.97485715	0.96933335	0.9732	0.79314286	0.794	0.7934	[1.0, 1.0, 0.0, 1.0, 1.0, 1.0, 1.0, 1.0, 0.8643068, 0.0989011]	[1.0, 1.0, 0.0, 1.0, 1.0, 1.0, 1.0, 1.0, 0.8198758, 0.04411765]	[1.0, 1.0, 0.0, 1.0, 1.0, 1.0, 1.0, 1.0, 0.85, 0.084]	0.011027047	0.0003584195
1190	0.9702857	0.96066666	0.9674	0.79314286	0.79466665	0.7936	[1.0, 1.0, 0.0, 1.0, 1.0, 1.0, 0.99435025, 1.0, 0.76696163, 0.19505495]	[1.0, 1.0, 0.0, 1.0, 1.0, 1.0, 1.0, 1.0, 0.7515528, 0.13235295]	[1.0, 1.0, 0.0, 1.0, 1.0, 1.0, 0.996, 1.0, 0.762, 0.178]	0.011222963	0.00029571308
1200	0.9714286	0.964	0.9692	0.77685714	0.7866667	0.7798	[1.0, 1.0, 0.0, 1.0, 1.0, 1.0, 1.0, 1.0, 0.7905605, 0.010989011]	[1.0, 1.0, 0.0, 1.0, 1.0, 1.0, 1.0, 1.0, 0.78881985, 0.0]	[1.0, 1.0, 0.0, 1.0, 1.0, 1.0, 1.0, 1.0, 0.79, 0.008]	0.011150272	0.00025598565
1210	0.9628571	0.95533335	0.9606	0.78085715	0.794	0.7848	[1.0, 1.0, 0.0, 1.0, 1.0, 1.0, 0.99435025, 1.0, 0.69911504, 0.1401099]	[1.0, 1.0, 0.0, 1.0, 1.0, 1.0, 1.0, 1.0, 0.67701864, 0.21323529]	[1.0, 1.0, 0.0, 1.0, 1.0, 1.0, 0.996, 1.0, 0.692, 0.16]	0.011321345	0.00023182994
1220	0.9722857	0.964	0.9698	0.78085715	0.79	0.7836	[1.0, 1.0, 0.0, 1.0, 0.99714285, 1.0, 1.0, 1.0, 0.8436578, 0.0027472528]	[1.0, 1.0, 0.0, 1.0, 1.0, 1.0, 1.0, 1.0, 0.8198758, 0.0]	[1.0, 1.0, 0.0, 1.0, 0.998, 1.0, 1.0, 1.0, 0.836, 0.002]	0.0111413915	0.00023376569
1230	0.97485715	0.968	0.9728	0.78485715	0.79066664	0.7866	[1.0, 1.0, 0.0, 1.0, 1.0, 1.0, 1.0, 1.0, 0.83480823, 0.046703298]	[1.0, 1.0, 0.0, 1.0, 1.0, 1.0, 1.0, 1.0, 0.8136646, 0.014705882]	[1.0, 1.0, 0.0, 1.0, 1.0, 1.0, 1.0, 1.0, 0.828, 0.038]	0.011303251	0.0003423337
1240	0.9742857	0.96666664	0.972	0.808	0.814	0.8098	[1.0, 1.0, 0.0, 1.0, 1.0, 1.0, 0.99435025, 1.0, 0.7876106, 0.31868133]	[1.0, 1.0, 0.0, 1.0, 1.0, 1.0, 1.0, 1.0, 0.7826087, 0.30882353]	[1.0, 1.0, 0.0, 1.0, 1.0, 1.0, 0.996, 1.0, 0.786, 0.316]	0.011602362	0.00034859683
1250	0.974	0.96466666	0.9712	0.7771429	0.7873333	0.7802	[1.0, 1.0, 0.0, 1.0, 1.0, 1.0, 1.0, 1.0, 0.7905605, 0.013736264]	[1.0, 1.0, 0.0, 1.0, 1.0, 1.0, 1.0, 1.0, 0.78881985, 0.007352941]	[1.0, 1.0, 0.0, 1.0, 1.0, 1.0, 1.0, 1.0, 0.79, 0.012]	0.011534822	0.00023974525
1260	0.9677143	0.95933336	0.9652	0.7745714	0.78333336	0.7772	[1.0, 1.0, 0.0, 1.0, 1.0, 1.0, 1.0, 1.0, 0.7581121, 0.01923077]	[1.0, 1.0, 0.0, 1.0, 1.0, 1.0, 1.0, 1.0, 0.7453416, 0.014705882]	[1.0, 1.0, 0.0, 1.0, 1.0, 1.0, 1.0, 1.0, 0.754, 0.018]	0.011461114	0.00020345859
1270	0.97342855	0.96533334	0.971	0.78257143	0.79066664	0.785	[1.0, 1.0, 0.0, 1.0, 1.0, 1.0, 1.0, 1.0, 0.78466076, 0.071428575]	[1.0, 1.0, 0.0, 1.0, 1.0, 1.0, 1.0, 1.0, 0.7826087, 0.05147059]	[1.0, 1.0, 0.0, 1.0, 1.0, 1.0, 1.0, 1.0, 0.784, 0.066]	0.01157583	0.00026989402
1280	0.976	0.9673333	0.9734	0.78171426	0.79	0.7842	[1.0, 1.0, 0.0, 1.0, 1.0, 1.0, 1.0, 1.0, 0.8495575, 0.0027472528]	[1.0, 1.0, 0.0, 1.0, 1.0, 1.0, 1.0, 1.0, 0.8198758, 0.0]	[1.0, 1.0, 0.0, 1.0, 1.0, 1.0, 1.0, 1.0, 0.84, 0.002]	0.011537083	0.00028321333
1290	0.978	0.9686667	0.9752	0.8074286	0.81	0.8082	[1.0, 1.0, 0.0, 1.0, 1.0, 1.0, 1.0, 1.0, 0.83480823, 0.26373628]	[1.0, 1.0, 0.0, 1.0, 1.0, 1.0, 1.0, 1.0, 0.8198758, 0.22058824]	[1.0, 1.0, 0.0, 1.0, 1.0, 1.0, 1.0, 1.0, 0.83, 0.252]	0.011797983	0.00036364375
1300	0.9742857	0.96533334	0.9716	0.78514284	0.79466665	0.788	[1.0, 1.0, 0.0, 1.0, 1.0, 1.0, 1.0, 1.0, 0.77286136, 0.10714286]	[1.0, 1.0, 0.0, 1.0, 1.0, 1.0, 1.0, 1.0, 0.757764, 0.125]	[1.0, 1.0, 0.0, 1.0, 1.0, 1.0, 1.0, 1.0, 0.768, 0.112]	0.011868675	0.00026557874
1310	0.97314286	0.96666664	0.9712	0.7777143	0.78866667	0.781	[1.0, 1.0, 0.0, 1.0, 0.99714285, 1.0, 1.0, 1.0, 0.8053097, 0.008241759]	[1.0, 1.0, 0.0, 1.0, 1.0, 1.0, 1.0, 1.0, 0.8074534, 0.0]	[1.0, 1.0, 0.0, 1.0, 0.998, 1.0, 1.0, 1.0, 0.806, 0.006]	0.011736633	0.00024185143
1320	0.96914285	0.958	0.9658	0.79314286	0.804	0.7964	[1.0, 1.0, 0.0, 1.0, 1.0, 1.0, 0.99435025, 1.0, 0.7079646, 0.25]	[1.0, 1.0, 0.0, 1.0, 1.0, 1.0, 1.0, 1.0, 0.68944097, 0.30882353]	[1.0, 1.0, 0.0, 1.0, 1.0, 1.0, 0.996, 1.0, 0.702, 0.266]	0.011967209	0.00026625767
1330	0.976	0.96933335	0.974	0.78342855	0.79333335	0.7864	[1.0, 1.0, 0.0, 1.0, 0.99714285, 1.0, 1.0, 1.0, 0.87315637, 0.0]	[1.0, 1.0, 0.0, 1.0, 0.9866667, 1.0, 1.0, 1.0, 0.863354, 0.0]	[1.0, 1.0, 0.0, 1.0, 0.994, 1.0, 1.0, 1.0, 0.87, 0.0]	0.011782937	0.0002640374
1340	0.9785714	0.9726667	0.9768	0.798	0.8013333	0.799	[1.0, 1.0, 0.0, 1.0, 1.0, 1.0, 1.0, 1.0, 0.8613569, 0.14835165]	[1.0, 1.0, 0.0, 1.0, 1.0, 1.0, 1.0, 1.0, 0.8385093, 0.10294118]	[1.0, 1.0, 0.0, 1.0, 1.0, 1.0, 1.0, 1.0, 0.854, 0.136]	0.011918691	0.00036243675
1350	0.97571427	0.9686667	0.9736	0.8125714	0.816	0.8136	[1.0, 1.0, 0.0, 1.0, 1.0, 1.0, 0.99435025, 1.0, 0.7787611, 0.3708791]	[1.0, 1.0, 0.0, 1.0, 1.0, 1.0, 1.0, 1.0, 0.757764, 0.3602941]	[1.0, 1.0, 0.0, 1.0, 1.0, 1.0, 0.996, 1.0, 0.772, 0.368]	0.012169603	0.00033495948
1360	0.9771429	0.9673333	0.9742	0.78257143	0.792	0.7854	[1.0, 1.0, 0.0, 1.0, 0.99714285, 1.0, 1.0, 1.0, 0.82890856, 0.032967035]	[1.0, 1.0, 0.0, 1.0, 1.0, 1.0, 1.0, 1.0, 0.8136646, 0.029411765]	[1.0, 1.0, 0.0, 1.0, 0.998, 1.0, 1.0, 1.0, 0.824, 0.032]	0.012093198	0.00026615243
1370	0.97085714	0.96066666	0.9678	0.7797143	0.79333335	0.7838	[1.0, 1.0, 0.0, 1.0, 1.0, 1.0, 0.99717516, 1.0, 0.73156345, 0.09615385]	[1.0, 1.0, 0.0, 1.0, 1.0, 1.0, 1.0, 1.0, 0.7080745, 0.16911764]	[1.0, 1.0, 0.0, 1.0, 1.0, 1.0, 0.998, 1.0, 0.724, 0.116]	0.0121167265	0.00021496043
1380	0.978	0.96933335	0.9754	0.7837143	0.792	0.7862	[1.0, 1.0, 0.0, 1.0, 0.99714285, 1.0, 1.0, 1.0, 0.8466077, 0.027472528]	[1.0, 1.0, 0.0, 1.0, 0.99333334, 1.0, 1.0, 1.0, 0.82608694, 0.022058824]	[1.0, 1.0, 0.0, 1.0, 0.996, 1.0, 1.0, 1.0, 0.84, 0.026]	0.012084251	0.0002680556
1390	0.978	0.96933335	0.9754	0.7868571	0.79466665	0.7892	[1.0, 1.0, 0.0, 1.0, 1.0, 1.0, 1.0, 1.0, 0.85250735, 0.04945055]	[1.0, 1.0, 0.0, 1.0, 1.0, 1.0, 1.0, 1.0, 0.82608694, 0.04411765]	[1.0, 1.0, 0.0, 1.0, 1.0, 1.0, 1.0, 1.0, 0.844, 0.048]	0.012133649	0.00030432036
1400	0.98057145	0.96933335	0.9772	0.8162857	0.82266665	0.8182	[1.0, 1.0, 0.0, 1.0, 1.0, 1.0, 1.0, 1.0, 0.82890856, 0.3543956]	[1.0, 1.0, 0.0, 1.0, 1.0, 1.0, 1.0, 1.0, 0.8136646, 0.36764705]	[1.0, 1.0, 0.0, 1.0, 1.0, 1.0, 1.0, 1.0, 0.824, 0.358]	0.012332669	0.00035852613
1410	0.9768571	0.96666664	0.9738	0.78257143	0.79333335	0.7858	[1.0, 1.0, 0.0, 1.0, 1.0, 1.0, 1.0, 1.0, 0.79941005, 0.057692308]	[1.0, 1.0, 0.0, 1.0, 1.0, 1.0, 1.0, 1.0, 0.7763975, 0.0882353]	[1.0, 1.0, 0.0, 1.0, 1.0, 1.0, 1.0, 1.0, 0.792, 0.066]	0.01234674	0.00023753708
1420	0.976	0.9673333	0.9734	0.7788572	0.78866667	0.7818	[1.0, 1.0, 0.0, 1.0, 0.99714285, 1.0, 1.0, 1.0, 0.8053097, 0.01923077]	[1.0, 1.0, 0.0, 1.0, 1.0, 1.0, 1.0, 1.0, 0.78881985, 0.022058824]	[1.0, 1.0, 0.0, 1.0, 0.998, 1.0, 1.0, 1.0, 0.8, 0.02]	0.012209169	0.00021461723
1430	0.97485715	0.96666664	0.9724	0.8017143	0.8106667	0.8044	[1.0, 1.0, 0.0, 1.0, 1.0, 1.0, 1.0, 1.0, 0.7463127, 0.2912088]	[1.0, 1.0, 0.0, 1.0, 1.0, 1.0, 1.0, 1.0, 0.73913044, 0.32352942]	[1.0, 1.0, 0.0, 1.0, 1.0, 1.0, 1.0, 1.0, 0.744, 0.3]	0.01240255	0.00028987974
1440	0.9777143	0.972	0.976	0.78485715	0.7926667	0.7872	[1.0, 1.0, 0.0, 1.0, 0.99714285, 1.0, 1.0, 1.0, 0.8820059, 0.0054945056]	[1.0, 1.0, 0.0, 1.0, 0.98, 1.0, 1.0, 1.0, 0.863354, 0.0]	[1.0, 1.0, 0.0, 1.0, 0.992, 1.0, 1.0, 1.0, 0.876, 0.004]	0.012264503	0.0002868278
1450	0.98228574	0.97533333	0.9802	0.8125714	0.8193333	0.8146	[1.0, 1.0, 0.0, 1.0, 0.99714285, 1.0, 1.0, 1.0, 0.87315637, 0.2802198]	[1.0, 1.0, 0.0, 1.0, 1.0, 1.0, 1.0, 1.0, 0.863354, 0.2720588]	[1.0, 1.0, 0.0, 1.0, 0.998, 1.0, 1.0, 1.0, 0.87, 0.278]	0.012364403	0.00037412578
1460	0.978	0.96933335	0.9754	0.80457145	0.81266665	0.807	[1.0, 1.0, 0.0, 1.0, 1.0, 1.0, 0.99717516, 1.0, 0.7758112, 0.29395604]	[1.0, 1.0, 0.0, 1.0, 1.0, 1.0, 1.0, 1.0, 0.7515528, 0.33088234]	[1.0, 1.0, 0.0, 1.0, 1.0, 1.0, 0.998, 1.0, 0.768, 0.304]	0.012541782	0.0003034128
1470	0.97828573	0.97	0.9758	0.7862857	0.79866666	0.79	[1.0, 1.0, 0.0, 1.0, 0.99714285, 1.0, 1.0, 1.0, 0.8377581, 0.06043956]	[1.0, 1.0, 0.0, 1.0, 1.0, 1.0, 1.0, 1.0, 0.82608694, 0.0882353]	[1.0, 1.0, 0.0, 1.0, 0.998, 1.0, 1.0, 1.0, 0.834, 0.068]	0.0124536045	0.00026143948
1480	0.97342855	0.9626667	0.9702	0.79571426	0.80733335	0.7992	[1.0, 1.0, 0.0, 1.0, 1.0, 1.0, 0.99435025, 1.0, 0.71681416, 0.26648352]	[1.0, 1.0, 0.0, 1.0, 1.0, 1.0, 1.0, 1.0, 0.70186335, 0.33088234]	[1.0, 1.0, 0.0, 1.0, 1.0, 1.0, 0.996, 1.0, 0.712, 0.284]	0.012566233	0.0002650516
1490	0.9785714	0.97333336	0.977	0.7854286	0.794	0.788	[1.0, 1.0, 0.0, 1.0, 0.99714285, 1.0, 1.0, 1.0, 0.87905604, 0.013736264]	[1.0, 1.0, 0.0, 1.0, 0.98, 1.0, 1.0, 1.0, 0.863354, 0.014705882]	[1.0, 1.0, 0.0, 1.0, 0.992, 1.0, 1.0, 1.0, 0.874, 0.014]	0.012499541	0.00027216272
1500	0.9711428	0.9626667	0.9686	0.7814286	0.78933334	0.7838	[1.0, 1.0, 0.0, 1.0, 0.9942857, 1.0, 1.0, 1.0, 0.85545725, 0.0]	[1.0, 1.0, 0.0, 1.0, 0.96666664, 1.0, 1.0, 1.0, 0.8447205, 0.0]	[1.0, 1.0, 0.0, 1.0, 0.986, 1.0, 1.0, 1.0, 0.852, 0.0]	2.5332434	0.0031090071
1510	0.98228574	0.976	0.9804	0.81142855	0.818	0.8134	[1.0, 1.0, 0.0, 1.0, 1.0, 1.0, 0.99717516, 1.0, 0.89675516, 0.24725275]	[1.0, 1.0, 0.0, 1.0, 1.0, 1.0, 1.0, 1.0, 0.9006211, 0.21323529]	[1.0, 1.0, 0.0, 1.0, 1.0, 1.0, 0.998, 1.0, 0.898, 0.238]	7.0520506	0.06888878
1520	0.978	0.96933335	0.9754	0.7871429	0.798	0.7904	[1.0, 1.0, 0.0, 1.0, 1.0, 1.0, 1.0, 1.0, 0.88495576, 0.021978023]	[1.0, 1.0, 0.0, 1.0, 1.0, 1.0, 1.0, 1.0, 0.8819876, 0.014705882]	[1.0, 1.0, 0.0, 1.0, 1.0, 1.0, 1.0, 1.0, 0.884, 0.02]	6.895525	0.10690895
1530	0.9702857	0.9686667	0.9698	0.8314286	0.8386667	0.8336	[1.0, 1.0, 0.0, 1.0, 1.0, 1.0, 1.0, 1.0, 0.899705, 0.43406594]	[1.0, 1.0, 0.0, 1.0, 1.0, 1.0, 1.0, 0.9935484, 0.9130435, 0.43382353]	[1.0, 1.0, 0.0, 1.0, 1.0, 1.0, 1.0, 0.998, 0.904, 0.434]	6.9477973	0.121769644
1540	0.9671429	0.956	0.9638	0.7985714	0.808	0.8014	[1.0, 1.0, 0.0, 1.0, 1.0, 1.0, 0.9858757, 1.0, 0.6932153, 0.32417583]	[1.0, 1.0, 0.0, 1.0, 1.0, 1.0, 1.0, 1.0, 0.67701864, 0.36764705]	[1.0, 1.0, 0.0, 1.0, 1.0, 1.0, 0.99, 1.0, 0.688, 0.336]	5.604524	0.12888527
1550	0.97342855	0.96466666	0.9708	0.85314286	0.848	0.8516	[1.0, 1.0, 0.0, 1.0, 1.0, 1.0, 1.0, 1.0, 0.7787611, 0.75549453]	[1.0, 1.0, 0.0, 1.0, 1.0, 1.0, 1.0, 1.0, 0.7515528, 0.7205882]	[1.0, 1.0, 0.0, 1.0, 1.0, 1.0, 1.0, 1.0, 0.77, 0.746]	5.7265224	0.12768324
1560	0.9742857	0.96666664	0.972	0.82857144	0.82733333	0.8282	[1.0, 1.0, 0.042857144, 1.0, 1.0, 1.0, 1.0, 1.0, 0.81120944, 0.4478022]	[1.0, 1.0, 0.02, 1.0, 1.0, 1.0, 1.0, 1.0, 0.78881985, 0.42647058]	[1.0, 1.0, 0.036, 1.0, 1.0, 1.0, 1.0, 1.0, 0.804, 0.442]	5.3256273	0.1375993
1570	0.976	0.9686667	0.9738	0.86057144	0.854	0.8586	[1.0, 1.0, 0.08857143, 1.0, 1.0, 1.0, 0.99435025, 1.0, 0.79646015, 0.7307692]	[1.0, 1.0, 0.04, 1.0, 1.0, 1.0, 1.0, 1.0, 0.7763975, 0.7132353]	[1.0, 1.0, 0.074, 1.0, 1.0, 1.0, 0.996, 1.0, 0.79, 0.726]	4.570676	0.13236852
1580	0.974	0.9686667	0.9724	0.8974286	0.8806667	0.8924	[1.0, 1.0, 0.3857143, 1.0, 1.0, 1.0, 1.0, 1.0, 0.7876106, 0.8021978]	[1.0, 1.0, 0.28, 1.0, 1.0, 1.0, 0.9931507, 1.0, 0.757764, 0.77205884]	[1.0, 1.0, 0.354, 1.0, 1.0, 1.0, 0.998, 1.0, 0.778, 0.794]	4.3158245	0.11844531
1590	0.96914285	0.96133333	0.9668	0.9302857	0.92466664	0.9286	[1.0, 1.0, 0.8542857, 1.0, 1.0, 1.0, 0.99717516, 1.0, 0.64306784, 0.80494505]	[1.0, 1.0, 0.85333335, 1.0, 1.0, 1.0, 1.0, 1.0, 0.61490685, 0.7867647]	[1.0, 1.0, 0.854, 1.0, 1.0, 1.0, 0.998, 1.0, 0.634, 0.8]	3.9086943	0.09734106
1600	0.972	0.9673333	0.9706	0.9602857	0.95933336	0.96	[1.0, 1.0, 0.98, 1.0, 1.0, 1.0, 0.99435025, 1.0, 0.8053097, 0.82417583]	[1.0, 1.0, 0.9866667, 1.0, 1.0, 1.0, 0.9931507, 1.0, 0.7826087, 0.8308824]	[1.0, 1.0, 0.982, 1.0, 1.0, 1.0, 0.994, 1.0, 0.798, 0.826]	3.7163258	0.08666888
1610	0.97571427	0.97	0.974	0.9614286	0.95533335	0.9596	[1.0, 1.0, 1.0, 1.0, 1.0, 1.0, 1.0, 1.0, 0.8053097, 0.8104396]	[1.0, 1.0, 1.0, 1.0, 1.0, 1.0, 1.0, 1.0, 0.76397514, 0.7867647]	[1.0, 1.0, 1.0, 1.0, 1.0, 1.0, 1.0, 1.0, 0.792, 0.804]	3.5046453	0.07607362
1620	0.97514284	0.972	0.9742	0.9277143	0.91866666	0.925	[1.0, 1.0, 0.6542857, 1.0, 1.0, 1.0, 1.0, 1.0, 0.8082596, 0.81593406]	[1.0, 1.0, 0.62, 1.0, 1.0, 1.0, 1.0, 1.0, 0.77018636, 0.7941176]	[1.0, 1.0, 0.644, 1.0, 1.0, 1.0, 1.0, 1.0, 0.796, 0.81]	3.1776133	0.0943494
1630	0.9771429	0.974	0.9762	0.9654286	0.96	0.9638	[1.0, 1.0, 0.99142855, 1.0, 1.0, 1.0, 1.0, 1.0, 0.85545725, 0.8104396]	[1.0, 1.0, 0.9866667, 1.0, 0.99333334, 1.0, 0.9931507, 1.0, 0.8385093, 0.7794118]	[1.0, 1.0, 0.99, 1.0, 0.998, 1.0, 0.998, 1.0, 0.85, 0.802]	3.123705	0.07742728
1640	0.9762857	0.9726667	0.9752	0.9602857	0.96	0.9602	[1.0, 1.0, 0.9628571, 1.0, 1.0, 1.0, 1.0, 1.0, 0.8879056, 0.7582418]	[1.0, 1.0, 0.9533333, 1.0, 1.0, 1.0, 1.0, 1.0, 0.8757764, 0.75735295]	[1.0, 1.0, 0.96, 1.0, 1.0, 1.0, 1.0, 1.0, 0.884, 0.758]	2.970275	0.07680537
1650	0.97	0.966	0.9688	0.9531429	0.948	0.9516	[1.0, 1.0, 0.98285717, 1.0, 1.0, 1.0, 1.0, 1.0, 0.7787611, 0.771978]	[1.0, 1.0, 0.99333334, 1.0, 1.0, 1.0, 1.0, 1.0, 0.7453416, 0.7352941]	[1.0, 1.0, 0.986, 1.0, 1.0, 1.0, 1.0, 1.0, 0.768, 0.762]	2.760744	0.071552485
1660	0.974	0.97466666	0.9742	0.952	0.95066667	0.9516	[1.0, 1.0, 0.85714287, 1.0, 1.0, 1.0, 1.0, 1.0, 0.899705, 0.7692308]	[1.0, 1.0, 0.84, 1.0, 1.0, 1.0, 1.0, 1.0, 0.89440995, 0.75735295]	[1.0, 1.0, 0.852, 1.0, 1.0, 1.0, 1.0, 1.0, 0.898, 0.766]	2.7166338	0.081737846
1670	0.9754286	0.97066665	0.974	0.9637143	0.95666665	0.9616	[1.0, 1.0, 0.99714285, 1.0, 1.0, 1.0, 1.0, 1.0, 0.8259587, 0.81593406]	[1.0, 1.0, 0.98, 1.0, 1.0, 1.0, 1.0, 1.0, 0.78881985, 0.7941176]	[1.0, 1.0, 0.992, 1.0, 1.0, 1.0, 1.0, 1.0, 0.814, 0.81]	2.6191626	0.0699223
1680	0.9714286	0.97	0.971	0.9605714	0.95666665	0.9594	[1.0, 1.0, 0.99142855, 1.0, 1.0, 1.0, 1.0, 1.0, 0.8377581, 0.7802198]	[1.0, 1.0, 0.99333334, 1.0, 1.0, 1.0, 1.0, 1.0, 0.8074534, 0.75735295]	[1.0, 1.0, 0.992, 1.0, 1.0, 1.0, 1.0, 1.0, 0.828, 0.774]	2.4162188	0.06549299
1690	0.974	0.972	0.9734	0.9622857	0.95533335	0.9602	[1.0, 1.0, 0.99142855, 1.0, 1.0, 1.0, 1.0, 1.0, 0.820059, 0.8131868]	[1.0, 1.0, 0.99333334, 1.0, 1.0, 1.0, 1.0, 1.0, 0.7763975, 0.7794118]	[1.0, 1.0, 0.992, 1.0, 1.0, 1.0, 1.0, 1.0, 0.806, 0.804]	2.399128	0.065030396
1700	0.9711428	0.9713333	0.9712	0.96914285	0.9673333	0.9686	[1.0, 1.0, 0.98285717, 1.0, 1.0, 1.0, 1.0, 0.9884058, 0.88495576, 0.8379121]	[1.0, 1.0, 0.98, 1.0, 1.0, 1.0, 1.0, 0.9870968, 0.8757764, 0.8235294]	[1.0, 1.0, 0.982, 1.0, 1.0, 1.0, 1.0, 0.988, 0.882, 0.834]	2.2829733	0.067821056
1710	0.97514284	0.97466666	0.975	0.9714286	0.972	0.9716	[1.0, 1.0, 0.98, 1.0, 1.0, 1.0, 1.0, 0.9971014, 0.9144543, 0.8269231]	[1.0, 1.0, 0.98, 1.0, 1.0, 1.0, 1.0, 0.9935484, 0.93167704, 0.8014706]	[1.0, 1.0, 0.98, 1.0, 1.0, 1.0, 1.0, 0.996, 0.92, 0.82]	2.2966385	0.064864635
1720	0.9742857	0.976	0.9748	0.968	0.962	0.9662	[1.0, 1.0, 0.9942857, 1.0, 1.0, 1.0, 0.99717516, 1.0, 0.87905604, 0.8131868]	[1.0, 1.0, 0.99333334, 1.0, 1.0, 1.0, 1.0, 1.0, 0.8385093, 0.7794118]	[1.0, 1.0, 0.994, 1.0, 1.0, 1.0, 0.998, 1.0, 0.866, 0.804]	2.17982	0.06236884
1730	0.974	0.97466666	0.9742	0.96685714	0.962	0.9654	[1.0, 1.0, 0.9942857, 1.0, 1.0, 1.0, 1.0, 1.0, 0.8584071, 0.8186813]	[1.0, 1.0, 1.0, 1.0, 1.0, 1.0, 1.0, 1.0, 0.8198758, 0.7941176]	[1.0, 1.0, 0.996, 1.0, 1.0, 1.0, 1.0, 1.0, 0.846, 0.812]	2.1308317	0.060953707
1740	0.97571427	0.97066665	0.9742	0.9597143	0.95066667	0.957	[1.0, 1.0, 0.98571426, 1.0, 1.0, 1.0, 1.0, 1.0, 0.7935103, 0.8186813]	[1.0, 1.0, 0.99333334, 1.0, 1.0, 1.0, 1.0, 1.0, 0.7080745, 0.8088235]	[1.0, 1.0, 0.988, 1.0, 1.0, 1.0, 1.0, 1.0, 0.766, 0.816]	2.0928488	0.06286329
1750	0.97314286	0.97066665	0.9724	0.966	0.9586667	0.9638	[1.0, 1.0, 0.9942857, 1.0, 1.0, 1.0, 1.0, 1.0, 0.85250735, 0.81593406]	[1.0, 1.0, 1.0, 1.0, 1.0, 1.0, 1.0, 1.0, 0.78881985, 0.7941176]	[1.0, 1.0, 0.996, 1.0, 1.0, 1.0, 1.0, 1.0, 0.832, 0.81]	2.0524006	0.055172533
1760	0.9697143	0.9713333	0.9702	0.9657143	0.964	0.9652	[1.0, 1.0, 0.98285717, 1.0, 1.0, 1.0, 1.0, 1.0, 0.89085543, 0.78846157]	[1.0, 1.0, 0.99333334, 1.0, 1.0, 1.0, 1.0, 1.0, 0.8819876, 0.75]	[1.0, 1.0, 0.986, 1.0, 1.0, 1.0, 1.0, 1.0, 0.888, 0.778]	1.9820099	0.05567479
1770	0.974	0.97466666	0.9742	0.96828574	0.96933335	0.9686	[1.0, 1.0, 0.98285717, 1.0, 1.0, 1.0, 1.0, 1.0, 0.89675516, 0.8076923]	[1.0, 1.0, 0.99333334, 1.0, 1.0, 1.0, 1.0, 1.0, 0.9006211, 0.7867647]	[1.0, 1.0, 0.986, 1.0, 1.0, 1.0, 1.0, 1.0, 0.898, 0.802]	1.9610796	0.056354046
1780	0.978	0.97333336	0.9766	0.9565714	0.9493333	0.9544	[1.0, 1.0, 0.98285717, 1.0, 1.0, 1.0, 0.99717516, 1.0, 0.76696163, 0.8186813]	[1.0, 1.0, 0.99333334, 1.0, 1.0, 1.0, 1.0, 1.0, 0.6956522, 0.8088235]	[1.0, 1.0, 0.986, 1.0, 1.0, 1.0, 0.998, 1.0, 0.744, 0.816]	1.957921	0.06260073
1790	0.978	0.9773333	0.9778	0.96514285	0.9586667	0.9632	[1.0, 1.0, 0.98571426, 1.0, 1.0, 1.0, 0.99717516, 1.0, 0.8584071, 0.8131868]	[1.0, 1.0, 0.99333334, 1.0, 1.0, 1.0, 1.0, 1.0, 0.7950311, 0.7941176]	[1.0, 1.0, 0.988, 1.0, 1.0, 1.0, 0.998, 1.0, 0.838, 0.808]	1.8400297	0.05850047
1800	0.9754286	0.972	0.9744	0.97342855	0.972	0.973	[1.0, 1.0, 0.98, 1.0, 1.0, 1.0, 1.0, 0.9942029, 0.93510324, 0.8296703]	[1.0, 1.0, 0.98, 1.0, 1.0, 1.0, 1.0, 0.9935484, 0.9254658, 0.8088235]	[1.0, 1.0, 0.98, 1.0, 1.0, 1.0, 1.0, 0.994, 0.932, 0.824]	1.8547325	0.05466354
1810	0.9697143	0.96666664	0.9688	0.95714283	0.946	0.9538	[1.0, 1.0, 0.98571426, 1.0, 1.0, 1.0, 1.0, 1.0, 0.79646015, 0.7912088]	[1.0, 1.0, 0.99333334, 1.0, 1.0, 1.0, 1.0, 1.0, 0.71428573, 0.75]	[1.0, 1.0, 0.988, 1.0, 1.0, 1.0, 1.0, 1.0, 0.77, 0.78]	1.7877064	0.0562703
1820	0.97742856	0.9766667	0.9772	0.96828574	0.968	0.9682	[1.0, 1.0, 0.98285717, 1.0, 1.0, 1.0, 1.0, 0.9971014, 0.89085543, 0.81593406]	[1.0, 1.0, 0.99333334, 1.0, 1.0, 1.0, 1.0, 1.0, 0.8819876, 0.7941176]	[1.0, 1.0, 0.986, 1.0, 1.0, 1.0, 1.0, 0.998, 0.888, 0.81]	1.7195501	0.057473183
1830	0.9728571	0.97333336	0.973	0.97085714	0.9686667	0.9702	[1.0, 1.0, 0.98, 1.0, 1.0, 1.0, 0.99717516, 1.0, 0.93510324, 0.8021978]	[1.0, 1.0, 0.96666664, 1.0, 1.0, 1.0, 1.0, 1.0, 0.9254658, 0.7794118]	[1.0, 1.0, 0.976, 1.0, 1.0, 1.0, 0.998, 1.0, 0.932, 0.796]	1.8777504	0.053969443
1840	0.9711428	0.972	0.9714	0.9685714	0.96666664	0.968	[1.0, 1.0, 0.9942857, 1.0, 1.0, 1.0, 0.99717516, 1.0, 0.89675516, 0.8021978]	[1.0, 1.0, 1.0, 1.0, 1.0, 1.0, 1.0, 1.0, 0.88819873, 0.7647059]	[1.0, 1.0, 0.996, 1.0, 1.0, 1.0, 0.998, 1.0, 0.894, 0.792]	1.7712574	0.047175586
1850	0.98228574	0.9773333	0.9808	0.9645714	0.954	0.9614	[1.0, 1.0, 0.99142855, 1.0, 1.0, 1.0, 0.99717516, 0.9971014, 0.8318584, 0.8296703]	[1.0, 1.0, 1.0, 1.0, 1.0, 1.0, 1.0, 1.0, 0.72670805, 0.8161765]	[1.0, 1.0, 0.994, 1.0, 1.0, 1.0, 0.998, 0.998, 0.798, 0.826]	1.6678514	0.05433488
1860	0.9794286	0.976	0.9784	0.9697143	0.964	0.968	[1.0, 1.0, 0.99714285, 1.0, 1.0, 1.0, 0.99717516, 0.9942029, 0.8702065, 0.8406593]	[1.0, 1.0, 1.0, 1.0, 1.0, 1.0, 1.0, 0.9935484, 0.83229816, 0.8088235]	[1.0, 1.0, 0.998, 1.0, 1.0, 1.0, 0.998, 0.994, 0.858, 0.832]	1.6538849	0.048110485
1870	0.97828573	0.97	0.9758	0.9714286	0.96933335	0.9708	[1.0, 1.0, 0.99714285, 1.0, 1.0, 1.0, 0.99717516, 0.9942029, 0.8938053, 0.83516484]	[1.0, 1.0, 1.0, 1.0, 1.0, 1.0, 1.0, 0.9935484, 0.8819876, 0.8088235]	[1.0, 1.0, 0.998, 1.0, 1.0, 1.0, 0.998, 0.994, 0.89, 0.828]	1.6434956	0.04309565
1880	0.9802857	0.97466666	0.9786	0.97257143	0.9686667	0.9714	[1.0, 1.0, 1.0, 1.0, 1.0, 1.0, 0.99717516, 0.9971014, 0.899705, 0.83516484]	[1.0, 1.0, 1.0, 1.0, 1.0, 1.0, 1.0, 1.0, 0.8757764, 0.8014706]	[1.0, 1.0, 1.0, 1.0, 1.0, 1.0, 0.998, 0.998, 0.892, 0.826]	1.5768871	0.043470502
1890	0.98085713	0.978	0.98	0.972	0.966	0.9702	[1.0, 1.0, 0.9742857, 1.0, 1.0, 1.0, 0.99717516, 0.9971014, 0.9144543, 0.8406593]	[1.0, 1.0, 0.96, 1.0, 1.0, 1.0, 1.0, 0.9935484, 0.89440995, 0.8014706]	[1.0, 1.0, 0.97, 1.0, 1.0, 1.0, 0.998, 0.996, 0.908, 0.83]	1.6282654	0.058223486
1900	0.98457146	0.97866666	0.9828	0.9742857	0.9726667	0.9738	[1.0, 1.0, 0.9942857, 1.0, 1.0, 1.0, 0.99717516, 0.9942029, 0.91150445, 0.8489011]	[1.0, 1.0, 1.0, 1.0, 1.0, 1.0, 1.0, 0.9935484, 0.9006211, 0.8235294]	[1.0, 1.0, 0.996, 1.0, 1.0, 1.0, 0.998, 0.994, 0.908, 0.842]	1.5823679	0.045976996
1910	0.97571427	0.974	0.9752	0.9742857	0.97466666	0.9744	[1.0, 1.0, 0.99142855, 1.0, 1.0, 1.0, 0.99717516, 0.9971014, 0.95280236, 0.8104396]	[1.0, 1.0, 1.0, 1.0, 1.0, 1.0, 1.0, 1.0, 0.94409937, 0.7867647]	[1.0, 1.0, 0.994, 1.0, 1.0, 1.0, 0.998, 0.998, 0.95, 0.804]	1.5101433	0.039918482
1920	0.97657144	0.97466666	0.976	0.96885717	0.9633333	0.9672	[1.0, 1.0, 0.99714285, 1.0, 1.0, 1.0, 0.99717516, 1.0, 0.88495576, 0.8131868]	[1.0, 1.0, 1.0, 1.0, 1.0, 1.0, 1.0, 1.0, 0.8447205, 0.7794118]	[1.0, 1.0, 0.998, 1.0, 1.0, 1.0, 0.998, 1.0, 0.872, 0.804]	1.507185	0.044954777
1930	0.9737143	0.9726667	0.9734	0.974	0.9726667	0.9736	[1.0, 1.0, 0.98, 1.0, 1.0, 1.0, 0.99717516, 1.0, 0.9587021, 0.8104396]	[1.0, 1.0, 0.98, 1.0, 1.0, 1.0, 1.0, 1.0, 0.9503106, 0.7794118]	[1.0, 1.0, 0.98, 1.0, 1.0, 1.0, 0.998, 1.0, 0.956, 0.802]	1.4902115	0.04313469
1940	0.9868571	0.98066664	0.985	0.9711428	0.962	0.9684	[1.0, 1.0, 0.99714285, 1.0, 1.0, 1.0, 0.99717516, 0.9942029, 0.8702065, 0.8543956]	[1.0, 1.0, 1.0, 1.0, 1.0, 1.0, 1.0, 0.9935484, 0.7950311, 0.8308824]	[1.0, 1.0, 0.998, 1.0, 1.0, 1.0, 0.998, 0.994, 0.846, 0.848]	1.4896221	0.049155354
1950	0.9785714	0.9766667	0.978	0.9722857	0.974	0.9728	[1.0, 1.0, 0.9942857, 1.0, 1.0, 1.0, 0.99717516, 0.9971014, 0.9262537, 0.8131868]	[1.0, 1.0, 1.0, 1.0, 1.0, 1.0, 1.0, 1.0, 0.9254658, 0.8014706]	[1.0, 1.0, 0.996, 1.0, 1.0, 1.0, 0.998, 0.998, 0.926, 0.81]	1.4740772	0.039307714
1960	0.98457146	0.97933334	0.983	0.97257143	0.96466666	0.9702	[1.0, 1.0, 0.99714285, 1.0, 1.0, 1.0, 0.99717516, 0.9971014, 0.89675516, 0.8406593]	[1.0, 1.0, 1.0, 1.0, 1.0, 1.0, 1.0, 1.0, 0.8385093, 0.8014706]	[1.0, 1.0, 0.998, 1.0, 1.0, 1.0, 0.998, 0.998, 0.878, 0.83]	1.4578342	0.04316336
1970	0.984	0.974	0.981	0.9785714	0.9766667	0.978	[1.0, 1.0, 0.99142855, 1.0, 1.0, 1.0, 0.99717516, 0.9826087, 0.9498525, 0.8681319]	[1.0, 1.0, 1.0, 1.0, 1.0, 1.0, 1.0, 0.9870968, 0.9378882, 0.8308824]	[1.0, 1.0, 0.994, 1.0, 1.0, 1.0, 0.998, 0.984, 0.946, 0.858]	1.3409309	0.042900145
1980	0.982	0.974	0.9796	0.9794286	0.978	0.979	[1.0, 1.0, 0.9885714, 1.0, 1.0, 1.0, 0.99717516, 0.9826087, 0.96755165, 0.86263734]	[1.0, 1.0, 0.99333334, 1.0, 1.0, 1.0, 1.0, 0.9806452, 0.9627329, 0.8308824]	[1.0, 1.0, 0.99, 1.0, 1.0, 1.0, 0.998, 0.982, 0.966, 0.854]	1.4047623	0.039994776
1990	0.986	0.97933334	0.984	0.97742856	0.974	0.9764	[1.0, 1.0, 1.0, 1.0, 1.0, 1.0, 0.99717516, 0.9942029, 0.93510324, 0.85164833]	[1.0, 1.0, 1.0, 1.0, 1.0, 1.0, 0.9931507, 0.9935484, 0.9254658, 0.8161765]	[1.0, 1.0, 1.0, 1.0, 1.0, 1.0, 0.996, 0.994, 0.932, 0.842]	1.4668417	0.04084176
2000	0.9842857	0.9766667	0.982	0.9777143	0.97533333	0.977	[1.0, 1.0, 0.99142855, 1.0, 1.0, 1.0, 0.99717516, 0.9681159, 0.9587021, 0.86538464]	[1.0, 1.0, 1.0, 1.0, 1.0, 1.0, 1.0, 0.9677419, 0.94409937, 0.8308824]	[1.0, 1.0, 0.994, 1.0, 1.0, 1.0, 0.998, 0.968, 0.954, 0.856]	1.4394588	0.039566875
2010	0.9842857	0.976	0.9818	0.9802857	0.978	0.9796	[1.0, 1.0, 0.99142855, 1.0, 1.0, 1.0, 0.99717516, 0.9826087, 0.9734513, 0.86263734]	[1.0, 1.0, 1.0, 1.0, 1.0, 1.0, 1.0, 0.9806452, 0.95652175, 0.8308824]	[1.0, 1.0, 0.994, 1.0, 1.0, 1.0, 0.998, 0.982, 0.968, 0.854]	1.368721	0.037564695
2020	0.98714286	0.98	0.985	0.9777143	0.9726667	0.9762	[1.0, 1.0, 1.0, 1.0, 1.0, 1.0, 0.99717516, 0.9942029, 0.9439528, 0.84615386]	[1.0, 1.0, 1.0, 1.0, 1.0, 1.0, 0.9931507, 0.9935484, 0.91925466, 0.8088235]	[1.0, 1.0, 1.0, 1.0, 1.0, 1.0, 0.996, 0.994, 0.936, 0.836]	1.4532433	0.040440977
2030	0.98657143	0.98066664	0.9848	0.97514284	0.9713333	0.974	[1.0, 1.0, 1.0, 1.0, 1.0, 1.0, 0.99717516, 0.9942029, 0.92330384, 0.8406593]	[1.0, 1.0, 1.0, 1.0, 1.0, 1.0, 1.0, 1.0, 0.88819873, 0.8161765]	[1.0, 1.0, 1.0, 1.0, 1.0, 1.0, 0.998, 0.996, 0.912, 0.834]	1.3356991	0.040670633
2040	0.9885714	0.9853333	0.9876	0.97257143	0.9626667	0.9696	[1.0, 1.0, 1.0, 1.0, 1.0, 1.0, 0.99717516, 0.9971014, 0.8761062, 0.85714287]	[1.0, 1.0, 1.0, 1.0, 1.0, 1.0, 0.9931507, 1.0, 0.7950311, 0.8382353]	[1.0, 1.0, 1.0, 1.0, 1.0, 1.0, 0.996, 0.998, 0.85, 0.852]	1.3653736	0.046712697
2050	0.98571426	0.97466666	0.9824	0.97514284	0.96933335	0.9734	[1.0, 1.0, 1.0, 1.0, 1.0, 1.0, 0.99717516, 0.9942029, 0.9262537, 0.8379121]	[1.0, 1.0, 1.0, 1.0, 1.0, 1.0, 1.0, 0.9935484, 0.8819876, 0.8088235]	[1.0, 1.0, 1.0, 1.0, 1.0, 1.0, 0.998, 0.994, 0.912, 0.83]	1.2835045	0.034637034
2060	0.978	0.97466666	0.977	0.9711428	0.9686667	0.9704	[1.0, 1.0, 1.0, 1.0, 1.0, 1.0, 0.99717516, 0.9971014, 0.91150445, 0.8104396]	[1.0, 1.0, 1.0, 1.0, 1.0, 1.0, 1.0, 1.0, 0.88819873, 0.7867647]	[1.0, 1.0, 1.0, 1.0, 1.0, 1.0, 0.998, 0.998, 0.904, 0.804]	1.3183813	0.037992418
2070	0.98657143	0.978	0.984	0.97657144	0.97466666	0.976	[1.0, 1.0, 1.0, 1.0, 1.0, 1.0, 0.99717516, 0.9942029, 0.93510324, 0.8434066]	[1.0, 1.0, 1.0, 1.0, 1.0, 1.0, 1.0, 1.0, 0.91925466, 0.8161765]	[1.0, 1.0, 1.0, 1.0, 1.0, 1.0, 0.998, 0.996, 0.93, 0.836]	1.265295	0.036628127
2080	0.9877143	0.98466665	0.9868	0.96914285	0.95666665	0.9654	[1.0, 1.0, 1.0, 1.0, 1.0, 1.0, 0.99717516, 0.9971014, 0.85250735, 0.84615386]	[1.0, 1.0, 0.99333334, 1.0, 1.0, 1.0, 1.0, 1.0, 0.73913044, 0.8382353]	[1.0, 1.0, 0.998, 1.0, 1.0, 1.0, 0.998, 0.998, 0.816, 0.844]	1.330203	0.04908502
2090	0.9894286	0.984	0.9878	0.9768571	0.97066665	0.975	[1.0, 1.0, 1.0, 1.0, 1.0, 1.0, 0.99717516, 0.9942029, 0.90855455, 0.8708791]	[1.0, 1.0, 1.0, 1.0, 1.0, 1.0, 1.0, 1.0, 0.8695652, 0.8308824]	[1.0, 1.0, 1.0, 1.0, 1.0, 1.0, 0.998, 0.996, 0.896, 0.86]	1.2616892	0.04101497
2100	0.98714286	0.97466666	0.9834	0.9794286	0.9773333	0.9788	[1.0, 1.0, 0.9885714, 1.0, 1.0, 1.0, 0.99717516, 0.9768116, 0.9557522, 0.8791209]	[1.0, 1.0, 0.99333334, 1.0, 1.0, 1.0, 0.9931507, 0.9806452, 0.9503106, 0.8455882]	[1.0, 1.0, 0.99, 1.0, 1.0, 1.0, 0.996, 0.978, 0.954, 0.87]	1.2666512	0.035414457
2110	0.9762857	0.97333336	0.9754	0.9685714	0.964	0.9672	[1.0, 1.0, 1.0, 1.0, 1.0, 1.0, 0.99717516, 1.0, 0.899705, 0.79395604]	[1.0, 1.0, 1.0, 1.0, 1.0, 1.0, 1.0, 1.0, 0.85714287, 0.77205884]	[1.0, 1.0, 1.0, 1.0, 1.0, 1.0, 0.998, 1.0, 0.886, 0.788]	1.2068748	0.038933814
2120	0.98714286	0.9773333	0.9842	0.9737143	0.9713333	0.973	[1.0, 1.0, 1.0, 1.0, 1.0, 1.0, 0.99717516, 0.9942029, 0.9174041, 0.8324176]	[1.0, 1.0, 1.0, 1.0, 1.0, 1.0, 1.0, 1.0, 0.8819876, 0.8235294]	[1.0, 1.0, 1.0, 1.0, 1.0, 1.0, 0.998, 0.996, 0.906, 0.83]	1.2030296	0.038973868
2130	0.9842857	0.9773333	0.9822	0.978	0.978	0.978	[1.0, 1.0, 0.9942857, 1.0, 1.0, 1.0, 0.99717516, 0.9942029, 0.96755165, 0.8324176]	[1.0, 1.0, 1.0, 1.0, 1.0, 1.0, 1.0, 1.0, 0.9503106, 0.8161765]	[1.0, 1.0, 0.996, 1.0, 1.0, 1.0, 0.998, 0.996, 0.962, 0.828]	1.3539295	0.032788575
2140	0.97914284	0.97533333	0.978	0.9728571	0.97333336	0.973	[1.0, 1.0, 0.9942857, 1.0, 1.0, 1.0, 0.99717516, 0.9971014, 0.9380531, 0.8076923]	[1.0, 1.0, 1.0, 1.0, 1.0, 1.0, 1.0, 1.0, 0.9254658, 0.7941176]	[1.0, 1.0, 0.996, 1.0, 1.0, 1.0, 0.998, 0.998, 0.934, 0.804]	1.261795	0.03488964
2150	0.9917143	0.98466665	0.9896	0.9768571	0.96466666	0.9732	[1.0, 1.0, 1.0, 1.0, 1.0, 1.0, 0.99717516, 0.99130434, 0.8820059, 0.89835167]	[1.0, 1.0, 0.99333334, 1.0, 1.0, 1.0, 1.0, 0.9935484, 0.78881985, 0.875]	[1.0, 1.0, 0.998, 1.0, 1.0, 1.0, 0.998, 0.992, 0.852, 0.892]	1.2484789	0.044065475
2160	0.988	0.98333335	0.9866	0.97257143	0.96533334	0.9704	[1.0, 1.0, 1.0, 1.0, 1.0, 1.0, 0.99717516, 0.9942029, 0.88495576, 0.85164833]	[1.0, 1.0, 1.0, 1.0, 1.0, 1.0, 1.0, 1.0, 0.8198758, 0.8308824]	[1.0, 1.0, 1.0, 1.0, 1.0, 1.0, 0.998, 0.996, 0.864, 0.846]	1.1750107	0.04360819
2170	0.9908571	0.976	0.9864	0.9794286	0.976	0.9784	[1.0, 1.0, 1.0, 1.0, 1.0, 1.0, 0.99717516, 0.98550725, 0.94690263, 0.8681319]	[1.0, 1.0, 1.0, 1.0, 1.0, 1.0, 1.0, 0.9935484, 0.91925466, 0.8382353]	[1.0, 1.0, 1.0, 1.0, 1.0, 1.0, 0.998, 0.988, 0.938, 0.86]	1.2369938	0.03137207
2180	0.9925714	0.98333335	0.9898	0.9771429	0.97066665	0.9752	[1.0, 1.0, 0.99714285, 1.0, 1.0, 1.0, 0.99717516, 0.9826087, 0.90855455, 0.88736266]	[1.0, 1.0, 0.99333334, 1.0, 1.0, 1.0, 1.0, 0.9935484, 0.83229816, 0.8897059]	[1.0, 1.0, 0.996, 1.0, 1.0, 1.0, 0.998, 0.986, 0.884, 0.888]	1.147377	0.044393122
2190	0.99142855	0.982	0.9886	0.9811429	0.9773333	0.98	[1.0, 1.0, 0.9885714, 1.0, 1.0, 1.0, 0.99717516, 0.99130434, 0.96460176, 0.87362635]	[1.0, 1.0, 0.99333334, 1.0, 1.0, 1.0, 1.0, 0.9935484, 0.9378882, 0.8382353]	[1.0, 1.0, 0.99, 1.0, 1.0, 1.0, 0.998, 0.992, 0.956, 0.864]	1.2078648	0.037918806
2200	0.98742855	0.978	0.9846	0.97657144	0.97466666	0.976	[1.0, 1.0, 1.0, 1.0, 1.0, 1.0, 0.99717516, 0.9942029, 0.94100296, 0.8379121]	[1.0, 1.0, 1.0, 1.0, 1.0, 1.0, 0.9931507, 1.0, 0.9254658, 0.8161765]	[1.0, 1.0, 1.0, 1.0, 1.0, 1.0, 0.996, 0.996, 0.936, 0.832]	1.196249	0.033114254
2210	0.98285717	0.976	0.9808	0.9785714	0.978	0.9784	[1.0, 1.0, 0.9942857, 1.0, 1.0, 1.0, 0.99717516, 0.9942029, 0.97640115, 0.8296703]	[1.0, 1.0, 1.0, 1.0, 1.0, 1.0, 1.0, 1.0, 0.95652175, 0.8088235]	[1.0, 1.0, 0.996, 1.0, 1.0, 1.0, 0.998, 0.996, 0.97, 0.824]	1.1687679	0.02839619
2220	0.98742855	0.97933334	0.985	0.97514284	0.972	0.9742	[1.0, 1.0, 0.99714285, 1.0, 1.0, 1.0, 0.99717516, 0.9971014, 0.94100296, 0.82417583]	[1.0, 1.0, 1.0, 1.0, 1.0, 1.0, 1.0, 1.0, 0.9068323, 0.8014706]	[1.0, 1.0, 0.998, 1.0, 1.0, 1.0, 0.998, 0.998, 0.93, 0.818]	1.1751661	0.032579362
2230	0.986	0.9773333	0.9834	0.98057145	0.978	0.9798	[1.0, 1.0, 0.9942857, 1.0, 1.0, 1.0, 0.99717516, 0.9942029, 0.97935104, 0.84615386]	[1.0, 1.0, 0.99333334, 1.0, 1.0, 1.0, 1.0, 1.0, 0.95652175, 0.8161765]	[1.0, 1.0, 0.994, 1.0, 1.0, 1.0, 0.998, 0.996, 0.972, 0.838]	1.1456528	0.027909696
2240	0.988	0.976	0.9844	0.9785714	0.974	0.9772	[1.0, 1.0, 0.99142855, 1.0, 1.0, 1.0, 0.99717516, 0.9246377, 0.96755165, 0.9065934]	[1.0, 1.0, 0.99333334, 1.0, 1.0, 1.0, 0.9931507, 0.9354839, 0.9503106, 0.8602941]	[1.0, 1.0, 0.992, 1.0, 1.0, 1.0, 0.996, 0.928, 0.962, 0.894]	1.174797	0.03554684
2250	0.9902857	0.982	0.9878	0.97514284	0.97	0.9736	[1.0, 1.0, 1.0, 1.0, 1.0, 1.0, 0.99717516, 0.9942029, 0.92330384, 0.8406593]	[1.0, 1.0, 1.0, 1.0, 1.0, 1.0, 0.9931507, 1.0, 0.8757764, 0.8235294]	[1.0, 1.0, 1.0, 1.0, 1.0, 1.0, 0.996, 0.996, 0.908, 0.836]	1.1797714	0.034043193
2260	0.9917143	0.9826667	0.989	0.9785714	0.9726667	0.9768	[1.0, 1.0, 0.9942857, 1.0, 1.0, 1.0, 0.99717516, 0.9942029, 0.9292035, 0.87362635]	[1.0, 1.0, 1.0, 1.0, 1.0, 1.0, 1.0, 1.0, 0.8757764, 0.8455882]	[1.0, 1.0, 0.996, 1.0, 1.0, 1.0, 0.998, 0.996, 0.912, 0.866]	1.1640377	0.035537124
2270	0.992	0.9773333	0.9876	0.9802857	0.97933334	0.98	[1.0, 1.0, 0.9942857, 1.0, 1.0, 1.0, 0.99717516, 0.9710145, 0.96460176, 0.8791209]	[1.0, 1.0, 1.0, 1.0, 1.0, 1.0, 1.0, 0.9935484, 0.9503106, 0.8382353]	[1.0, 1.0, 0.996, 1.0, 1.0, 1.0, 0.998, 0.978, 0.96, 0.868]	1.0299244	0.03061229
2280	0.992	0.978	0.9878	0.98085713	0.98066664	0.9808	[1.0, 1.0, 0.9942857, 1.0, 1.0, 1.0, 0.99717516, 0.95942026, 0.97640115, 0.88461536]	[1.0, 1.0, 1.0, 1.0, 1.0, 1.0, 1.0, 0.9870968, 0.9689441, 0.8382353]	[1.0, 1.0, 0.996, 1.0, 1.0, 1.0, 0.998, 0.968, 0.974, 0.872]	1.0943623	0.026576757
2290	0.9934286	0.98333335	0.9904	0.982	0.9766667	0.9804	[1.0, 1.0, 0.9942857, 1.0, 1.0, 1.0, 0.99717516, 0.99130434, 0.9587021, 0.8818681]	[1.0, 1.0, 1.0, 1.0, 1.0, 1.0, 0.9931507, 0.9935484, 0.93167704, 0.8382353]	[1.0, 1.0, 0.996, 1.0, 1.0, 1.0, 0.996, 0.992, 0.95, 0.87]	1.14538	0.031837344
2300	0.99114287	0.9813333	0.9882	0.9797143	0.9773333	0.979	[1.0, 1.0, 0.99714285, 1.0, 1.0, 1.0, 0.99717516, 0.9942029, 0.9616519, 0.85164833]	[1.0, 1.0, 1.0, 1.0, 1.0, 1.0, 1.0, 1.0, 0.9378882, 0.8235294]	[1.0, 1.0, 0.998, 1.0, 1.0, 1.0, 0.998, 0.996, 0.954, 0.844]	1.1010361	0.028636754
2310	0.9942857	0.98733336	0.9922	0.9797143	0.97	0.9768	[1.0, 1.0, 0.99714285, 1.0, 1.0, 1.0, 0.99717516, 0.9884058, 0.91150445, 0.90384614]	[1.0, 1.0, 0.99333334, 1.0, 1.0, 1.0, 1.0, 0.9935484, 0.8447205, 0.86764705]	[1.0, 1.0, 0.996, 1.0, 1.0, 1.0, 0.998, 0.99, 0.89, 0.894]	1.0947075	0.038965166
2320	0.99314284	0.98066664	0.9894	0.9811429	0.9773333	0.98	[1.0, 1.0, 1.0, 1.0, 1.0, 1.0, 0.99717516, 0.98550725, 0.9557522, 0.87637365]	[1.0, 1.0, 1.0, 1.0, 1.0, 1.0, 0.9931507, 0.9935484, 0.93167704, 0.8455882]	[1.0, 1.0, 1.0, 1.0, 1.0, 1.0, 0.996, 0.988, 0.948, 0.868]	1.0706635	0.025194645
2330	0.98714286	0.9773333	0.9842	0.97742856	0.976	0.977	[1.0, 1.0, 0.99714285, 1.0, 1.0, 1.0, 0.99717516, 0.9942029, 0.9557522, 0.83516484]	[1.0, 1.0, 1.0, 1.0, 1.0, 1.0, 1.0, 1.0, 0.9378882, 0.8088235]	[1.0, 1.0, 0.998, 1.0, 1.0, 1.0, 0.998, 0.996, 0.95, 0.828]	1.0642948	0.027363956
2340	0.9922857	0.982	0.9892	0.98228574	0.9773333	0.9808	[1.0, 1.0, 0.99714285, 1.0, 1.0, 1.0, 0.99717516, 0.9942029, 0.96755165, 0.8708791]	[1.0, 1.0, 1.0, 1.0, 1.0, 1.0, 1.0, 1.0, 0.93167704, 0.8308824]	[1.0, 1.0, 0.998, 1.0, 1.0, 1.0, 0.998, 0.996, 0.956, 0.86]	1.0355606	0.028906405
2350	0.99142855	0.9866667	0.99	0.9742857	0.96533334	0.9716	[1.0, 1.0, 0.99714285, 1.0, 1.0, 1.0, 0.99717516, 0.9942029, 0.8879056, 0.8681319]	[1.0, 1.0, 0.99333334, 1.0, 1.0, 1.0, 0.9931507, 1.0, 0.8136646, 0.85294116]	[1.0, 1.0, 0.996, 1.0, 1.0, 1.0, 0.996, 0.996, 0.864, 0.864]	1.0931587	0.042641222
2360	0.992	0.98333335	0.9894	0.97828573	0.974	0.977	[1.0, 1.0, 0.99714285, 1.0, 1.0, 1.0, 0.99717516, 0.9942029, 0.92330384, 0.87362635]	[1.0, 1.0, 1.0, 1.0, 1.0, 1.0, 0.9931507, 1.0, 0.88819873, 0.85294116]	[1.0, 1.0, 0.998, 1.0, 1.0, 1.0, 0.996, 0.996, 0.912, 0.868]	1.0523434	0.033287466
2370	0.9937143	0.97866666	0.9892	0.9817143	0.97866666	0.9808	[1.0, 1.0, 0.99714285, 1.0, 1.0, 1.0, 0.99717516, 0.9710145, 0.96460176, 0.8901099]	[1.0, 1.0, 1.0, 1.0, 1.0, 1.0, 0.98630136, 0.9870968, 0.94409937, 0.8602941]	[1.0, 1.0, 0.998, 1.0, 1.0, 1.0, 0.994, 0.976, 0.958, 0.882]	1.0595207	0.028340459
2380	0.9834286	0.97866666	0.982	0.97514284	0.97066665	0.9738	[1.0, 1.0, 0.99714285, 1.0, 1.0, 1.0, 0.99717516, 0.9971014, 0.94100296, 0.82417583]	[1.0, 1.0, 1.0, 1.0, 1.0, 1.0, 1.0, 1.0, 0.9006211, 0.7941176]	[1.0, 1.0, 0.998, 1.0, 1.0, 1.0, 0.998, 0.998, 0.928, 0.816]	1.0054836	0.029727578
2390	0.992	0.982	0.989	0.98	0.9773333	0.9792	[1.0, 1.0, 0.99714285, 1.0, 1.0, 1.0, 0.99717516, 0.9942029, 0.9439528, 0.8708791]	[1.0, 1.0, 1.0, 1.0, 1.0, 1.0, 1.0, 1.0, 0.91925466, 0.8455882]	[1.0, 1.0, 0.998, 1.0, 1.0, 1.0, 0.998, 0.996, 0.936, 0.864]	1.0157757	0.030034065
2400	0.992	0.982	0.989	0.97885716	0.978	0.9786	[1.0, 1.0, 0.99714285, 1.0, 1.0, 1.0, 0.99717516, 0.9942029, 0.95280236, 0.85164833]	[1.0, 1.0, 1.0, 1.0, 1.0, 1.0, 1.0, 1.0, 0.93167704, 0.8382353]	[1.0, 1.0, 0.998, 1.0, 1.0, 1.0, 0.998, 0.996, 0.946, 0.848]	1.1132164	0.030561686
2410	0.9868571	0.9773333	0.984	0.9777143	0.9773333	0.9776	[1.0, 1.0, 0.9942857, 1.0, 1.0, 1.0, 0.99717516, 0.9942029, 0.9616519, 0.83516484]	[1.0, 1.0, 1.0, 1.0, 1.0, 1.0, 0.9931507, 1.0, 0.9503106, 0.8161765]	[1.0, 1.0, 0.996, 1.0, 1.0, 1.0, 0.996, 0.996, 0.958, 0.83]	1.0462475	0.027715445
2420	0.99542856	0.9866667	0.9928	0.9742857	0.9673333	0.9722	[1.0, 1.0, 0.99714285, 1.0, 1.0, 1.0, 0.99717516, 0.9130435, 0.9056047, 0.9285714]	[1.0, 1.0, 1.0, 1.0, 1.0, 1.0, 1.0, 0.9548387, 0.8136646, 0.9117647]	[1.0, 1.0, 0.998, 1.0, 1.0, 1.0, 0.998, 0.926, 0.876, 0.924]	1.0629902	0.03613764
2430	0.99628574	0.9853333	0.993	0.97885716	0.97066665	0.9764	[1.0, 1.0, 1.0, 1.0, 1.0, 1.0, 0.99717516, 0.9710145, 0.9144543, 0.9065934]	[1.0, 1.0, 1.0, 1.0, 1.0, 1.0, 1.0, 0.9870968, 0.8509317, 0.86764705]	[1.0, 1.0, 1.0, 1.0, 1.0, 1.0, 0.998, 0.976, 0.894, 0.896]	1.0227242	0.03242314
2440	0.9951429	0.98333335	0.9916	0.98085713	0.97866666	0.9802	[1.0, 1.0, 0.99714285, 1.0, 1.0, 1.0, 0.99717516, 0.9826087, 0.9498525, 0.88461536]	[1.0, 1.0, 1.0, 1.0, 1.0, 1.0, 1.0, 1.0, 0.91925466, 0.8602941]	[1.0, 1.0, 0.998, 1.0, 1.0, 1.0, 0.998, 0.988, 0.94, 0.878]	1.0451298	0.026058853
2450	0.99542856	0.9826667	0.9916	0.9817143	0.978	0.9806	[1.0, 1.0, 0.99714285, 1.0, 1.0, 1.0, 0.99717516, 0.973913, 0.96460176, 0.88736266]	[1.0, 1.0, 1.0, 1.0, 1.0, 1.0, 1.0, 0.9870968, 0.93167704, 0.85294116]	[1.0, 1.0, 0.998, 1.0, 1.0, 1.0, 0.998, 0.978, 0.954, 0.878]	0.9889107	0.024835348
2460	0.9937143	0.982	0.9902	0.98	0.9773333	0.9792	[1.0, 1.0, 0.9942857, 1.0, 1.0, 1.0, 0.99717516, 0.9826087, 0.9557522, 0.87362635]	[1.0, 1.0, 0.99333334, 1.0, 1.0, 1.0, 1.0, 0.9870968, 0.9254658, 0.8602941]	[1.0, 1.0, 0.994, 1.0, 1.0, 1.0, 0.998, 0.984, 0.946, 0.87]	1.0604725	0.03458786
2470	0.9951429	0.98333335	0.9916	0.982	0.978	0.9808	[1.0, 1.0, 0.99714285, 1.0, 1.0, 1.0, 0.99717516, 0.99130434, 0.95280236, 0.88461536]	[1.0, 1.0, 1.0, 1.0, 1.0, 1.0, 0.9931507, 1.0, 0.9254658, 0.85294116]	[1.0, 1.0, 0.998, 1.0, 1.0, 1.0, 0.996, 0.994, 0.944, 0.876]	1.008049	0.028398514
2480	0.9877143	0.976	0.9842	0.98142856	0.9813333	0.9814	[1.0, 1.0, 0.99714285, 1.0, 1.0, 1.0, 0.99717516, 0.9826087, 0.97935104, 0.86263734]	[1.0, 1.0, 1.0, 1.0, 1.0, 1.0, 1.0, 0.9935484, 0.9751553, 0.8308824]	[1.0, 1.0, 0.998, 1.0, 1.0, 1.0, 0.998, 0.986, 0.978, 0.854]	0.998539	0.021456063
2490	0.994	0.98466665	0.9912	0.9785714	0.9726667	0.9768	[1.0, 1.0, 0.99714285, 1.0, 1.0, 1.0, 0.99717516, 0.99130434, 0.9292035, 0.87362635]	[1.0, 1.0, 1.0, 1.0, 1.0, 1.0, 1.0, 1.0, 0.8819876, 0.8382353]	[1.0, 1.0, 0.998, 1.0, 1.0, 1.0, 0.998, 0.994, 0.914, 0.864]	0.98472023	0.030782402
2500	0.9894286	0.97866666	0.9862	0.9817143	0.982	0.9818	[1.0, 1.0, 0.99714285, 1.0, 1.0, 1.0, 0.99717516, 0.9710145, 0.99115044, 0.86538464]	[1.0, 1.0, 1.0, 1.0, 1.0, 1.0, 0.9931507, 0.9870968, 0.9875776, 0.8382353]	[1.0, 1.0, 0.998, 1.0, 1.0, 1.0, 0.996, 0.976, 0.99, 0.858]	0.9404545	0.018283427
2510	0.9908571	0.97866666	0.9872	0.982	0.97933334	0.9812	[1.0, 1.0, 0.99714285, 1.0, 1.0, 1.0, 0.99717516, 0.97971016, 0.9823009, 0.8681319]	[1.0, 1.0, 0.99333334, 1.0, 1.0, 1.0, 1.0, 0.9935484, 0.9689441, 0.8235294]	[1.0, 1.0, 0.996, 1.0, 1.0, 1.0, 0.998, 0.984, 0.978, 0.856]	0.9626694	0.020825326
2520	0.98914284	0.97933334	0.9862	0.978	0.97533333	0.9772	[1.0, 1.0, 0.99714285, 1.0, 1.0, 1.0, 0.99717516, 0.9942029, 0.9557522, 0.8406593]	[1.0, 1.0, 1.0, 1.0, 1.0, 1.0, 1.0, 1.0, 0.9254658, 0.8161765]	[1.0, 1.0, 0.998, 1.0, 1.0, 1.0, 0.998, 0.996, 0.946, 0.834]	0.9912014	0.024196744
2530	0.9917143	0.978	0.9876	0.9794286	0.9773333	0.9788	[1.0, 1.0, 0.99714285, 1.0, 1.0, 1.0, 0.99717516, 0.9362319, 0.9852507, 0.8818681]	[1.0, 1.0, 0.99333334, 1.0, 1.0, 1.0, 1.0, 0.9612903, 0.9751553, 0.8308824]	[1.0, 1.0, 0.996, 1.0, 1.0, 1.0, 0.998, 0.944, 0.982, 0.868]	0.96071815	0.01969558
2540	0.9942857	0.982	0.9906	0.97314286	0.97066665	0.9724	[1.0, 1.0, 0.99714285, 1.0, 1.0, 1.0, 0.99717516, 0.8869565, 0.94100296, 0.9093407]	[1.0, 1.0, 0.99333334, 1.0, 1.0, 1.0, 1.0, 0.91612905, 0.9068323, 0.8897059]	[1.0, 1.0, 0.996, 1.0, 1.0, 1.0, 0.998, 0.896, 0.93, 0.904]	0.9863796	0.031975627
2550	0.9937143	0.984	0.9908	0.98	0.978	0.9794	[1.0, 1.0, 0.99714285, 1.0, 1.0, 1.0, 0.99717516, 0.9942029, 0.94100296, 0.87362635]	[1.0, 1.0, 1.0, 1.0, 1.0, 1.0, 1.0, 1.0, 0.91925466, 0.85294116]	[1.0, 1.0, 0.998, 1.0, 1.0, 1.0, 0.998, 0.996, 0.934, 0.868]	1.0084019	0.028989792
2560	0.9934286	0.986	0.9912	0.978	0.974	0.9768	[1.0, 1.0, 0.99714285, 1.0, 1.0, 1.0, 0.99717516, 0.9942029, 0.90855455, 0.88461536]	[1.0, 1.0, 1.0, 1.0, 1.0, 1.0, 1.0, 1.0, 0.863354, 0.875]	[1.0, 1.0, 0.998, 1.0, 1.0, 1.0, 0.998, 0.996, 0.894, 0.882]	1.0341167	0.033802867
2570	0.996	0.98	0.9912	0.982	0.982	0.982	[1.0, 1.0, 0.99714285, 1.0, 1.0, 1.0, 0.99717516, 0.95942026, 0.97935104, 0.8901099]	[1.0, 1.0, 1.0, 1.0, 1.0, 1.0, 1.0, 0.9870968, 0.9627329, 0.8602941]	[1.0, 1.0, 0.998, 1.0, 1.0, 1.0, 0.998, 0.968, 0.974, 0.882]	0.91472054	0.020784259
2580	0.9977143	0.986	0.9942	0.98085713	0.978	0.98	[1.0, 1.0, 0.99714285, 1.0, 1.0, 1.0, 0.99717516, 0.9652174, 0.95280236, 0.89835167]	[1.0, 1.0, 1.0, 1.0, 1.0, 1.0, 1.0, 0.9806452, 0.9130435, 0.88235295]	[1.0, 1.0, 0.998, 1.0, 1.0, 1.0, 0.998, 0.97, 0.94, 0.894]	1.0061531	0.02466023
2590	0.9957143	0.98466665	0.9924	0.982	0.982	0.982	[1.0, 1.0, 0.99714285, 1.0, 1.0, 1.0, 0.99717516, 0.9826087, 0.9616519, 0.88461536]	[1.0, 1.0, 1.0, 1.0, 1.0, 1.0, 1.0, 1.0, 0.9503106, 0.8602941]	[1.0, 1.0, 0.998, 1.0, 1.0, 1.0, 0.998, 0.988, 0.958, 0.878]	0.9990597	0.02331692
2600	0.99457145	0.9853333	0.9918	0.98228574	0.98	0.9816	[1.0, 1.0, 0.99714285, 1.0, 1.0, 1.0, 0.99717516, 0.99130434, 0.9587021, 0.8818681]	[1.0, 1.0, 0.99333334, 1.0, 1.0, 1.0, 1.0, 0.9935484, 0.9378882, 0.86764705]	[1.0, 1.0, 0.996, 1.0, 1.0, 1.0, 0.998, 0.992, 0.952, 0.878]	0.95788	0.026240766
2610	0.9974286	0.98466665	0.9936	0.9811429	0.97866666	0.9804	[1.0, 1.0, 0.9942857, 1.0, 1.0, 1.0, 0.99717516, 0.97971016, 0.9498525, 0.89285713]	[1.0, 1.0, 0.99333334, 1.0, 1.0, 1.0, 1.0, 0.9935484, 0.9130435, 0.88235295]	[1.0, 1.0, 0.994, 1.0, 1.0, 1.0, 0.998, 0.984, 0.938, 0.89]	0.97055817	0.02796483
2620	0.9951429	0.98	0.9906	0.98228574	0.97933334	0.9814	[1.0, 1.0, 0.99714285, 1.0, 1.0, 1.0, 0.99717516, 0.9652174, 0.96755165, 0.89835167]	[1.0, 1.0, 1.0, 1.0, 1.0, 1.0, 0.9931507, 0.9870968, 0.9378882, 0.86764705]	[1.0, 1.0, 0.998, 1.0, 1.0, 1.0, 0.996, 0.972, 0.958, 0.89]	0.97772217	0.01838386
2630	0.9934286	0.9826667	0.9902	0.98057145	0.97866666	0.98	[1.0, 1.0, 0.99714285, 1.0, 1.0, 1.0, 0.99717516, 0.9942029, 0.95280236, 0.8681319]	[1.0, 1.0, 1.0, 1.0, 1.0, 1.0, 1.0, 1.0, 0.93167704, 0.8455882]	[1.0, 1.0, 0.998, 1.0, 1.0, 1.0, 0.998, 0.996, 0.946, 0.862]	0.93989563	0.02170682
2640	0.99114287	0.98066664	0.988	0.9825714	0.98066664	0.982	[1.0, 1.0, 0.99714285, 1.0, 1.0, 1.0, 0.99717516, 0.9942029, 0.9823009, 0.8598901]	[1.0, 1.0, 0.99333334, 1.0, 1.0, 1.0, 1.0, 1.0, 0.9751553, 0.8235294]	[1.0, 1.0, 0.996, 1.0, 1.0, 1.0, 0.998, 0.996, 0.98, 0.85]	0.9212704	0.018850803
2650	0.994	0.98733336	0.992	0.9771429	0.97466666	0.9764	[1.0, 1.0, 0.99714285, 1.0, 1.0, 1.0, 0.99717516, 0.9942029, 0.920354, 0.86538464]	[1.0, 1.0, 0.99333334, 1.0, 1.0, 1.0, 1.0, 1.0, 0.88819873, 0.8602941]	[1.0, 1.0, 0.996, 1.0, 1.0, 1.0, 0.998, 0.996, 0.91, 0.864]	0.9747982	0.03342402
2660	0.99485713	0.98866665	0.993	0.97571427	0.966	0.9728	[1.0, 1.0, 0.99714285, 1.0, 1.0, 1.0, 0.99717516, 0.9942029, 0.88495576, 0.88461536]	[1.0, 1.0, 1.0, 1.0, 1.0, 1.0, 1.0, 1.0, 0.7826087, 0.88235295]	[1.0, 1.0, 0.998, 1.0, 1.0, 1.0, 0.998, 0.996, 0.852, 0.884]	0.9555664	0.034006536
2670	0.9934286	0.9813333	0.9898	0.9825714	0.98	0.9818	[1.0, 1.0, 0.99714285, 1.0, 1.0, 1.0, 0.99717516, 0.9942029, 0.96755165, 0.87362635]	[1.0, 1.0, 0.99333334, 1.0, 1.0, 1.0, 1.0, 1.0, 0.9503106, 0.8455882]	[1.0, 1.0, 0.996, 1.0, 1.0, 1.0, 0.998, 0.996, 0.962, 0.866]	0.9288635	0.020236433
2680	0.9908571	0.982	0.9882	0.97828573	0.9773333	0.978	[1.0, 1.0, 0.99714285, 1.0, 1.0, 1.0, 0.99717516, 0.9942029, 0.94690263, 0.85164833]	[1.0, 1.0, 1.0, 1.0, 1.0, 1.0, 1.0, 1.0, 0.93167704, 0.8308824]	[1.0, 1.0, 0.998, 1.0, 1.0, 1.0, 0.998, 0.996, 0.942, 0.846]	0.8319912	0.020617366
2690	0.99457145	0.9826667	0.991	0.9825714	0.9813333	0.9822	[1.0, 1.0, 0.99714285, 1.0, 1.0, 1.0, 0.99717516, 0.99130434, 0.96755165, 0.87637365]	[1.0, 1.0, 1.0, 1.0, 1.0, 1.0, 1.0, 1.0, 0.9627329, 0.8382353]	[1.0, 1.0, 0.998, 1.0, 1.0, 1.0, 0.998, 0.994, 0.966, 0.866]	0.90945053	0.01867038
2700	0.98657143	0.9773333	0.9838	0.9825714	0.98066664	0.982	[1.0, 1.0, 0.99714285, 1.0, 1.0, 1.0, 0.99717516, 0.9942029, 0.9882006, 0.8543956]	[1.0, 1.0, 0.99333334, 1.0, 1.0, 1.0, 1.0, 0.9935484, 0.98136646, 0.8235294]	[1.0, 1.0, 0.996, 1.0, 1.0, 1.0, 0.998, 0.994, 0.986, 0.846]	0.99404526	0.015747786
2710	0.9894286	0.9813333	0.987	0.98057145	0.97866666	0.98	[1.0, 1.0, 0.99714285, 1.0, 1.0, 1.0, 0.99717516, 0.9942029, 0.9705015, 0.85164833]	[1.0, 1.0, 1.0, 1.0, 1.0, 1.0, 1.0, 1.0, 0.95652175, 0.8161765]	[1.0, 1.0, 0.998, 1.0, 1.0, 1.0, 0.998, 0.996, 0.966, 0.842]	0.9412613	0.018574476
2720	0.9942857	0.98466665	0.9914	0.9794286	0.9766667	0.9786	[1.0, 1.0, 0.99714285, 1.0, 1.0, 1.0, 0.99717516, 0.9942029, 0.9292035, 0.8791209]	[1.0, 1.0, 0.99333334, 1.0, 1.0, 1.0, 1.0, 1.0, 0.9006211, 0.86764705]	[1.0, 1.0, 0.996, 1.0, 1.0, 1.0, 0.998, 0.996, 0.92, 0.876]	0.9411583	0.025676548
2730	0.9974286	0.9813333	0.9926	0.9797143	0.9773333	0.979	[1.0, 1.0, 1.0, 1.0, 1.0, 1.0, 0.99717516, 0.973913, 0.94690263, 0.8818681]	[1.0, 1.0, 1.0, 1.0, 1.0, 1.0, 0.98630136, 0.9935484, 0.9130435, 0.875]	[1.0, 1.0, 1.0, 1.0, 1.0, 1.0, 0.994, 0.98, 0.936, 0.88]	0.9015217	0.01961708
2740	0.9965714	0.98466665	0.993	0.98228574	0.97933334	0.9814	[1.0, 1.0, 0.99714285, 1.0, 1.0, 1.0, 0.99717516, 0.9826087, 0.9557522, 0.89285713]	[1.0, 1.0, 1.0, 1.0, 1.0, 1.0, 1.0, 1.0, 0.91925466, 0.86764705]	[1.0, 1.0, 0.998, 1.0, 1.0, 1.0, 0.998, 0.988, 0.944, 0.886]	0.9274292	0.018872142
2750	0.99685717	0.98733336	0.994	0.9811429	0.98	0.9808	[1.0, 1.0, 0.99714285, 1.0, 1.0, 1.0, 0.99717516, 0.99130434, 0.94690263, 0.8818681]	[1.0, 1.0, 1.0, 1.0, 1.0, 1.0, 1.0, 1.0, 0.91925466, 0.875]	[1.0, 1.0, 0.998, 1.0, 1.0, 1.0, 0.998, 0.994, 0.938, 0.88]	0.8241501	0.023649812
2760	0.99542856	0.986	0.9926	0.98057145	0.97866666	0.98	[1.0, 1.0, 0.99714285, 1.0, 1.0, 1.0, 0.99717516, 0.99130434, 0.94690263, 0.87637365]	[1.0, 1.0, 0.99333334, 1.0, 1.0, 1.0, 1.0, 0.9935484, 0.91925466, 0.875]	[1.0, 1.0, 0.996, 1.0, 1.0, 1.0, 0.998, 0.992, 0.938, 0.876]	0.89681244	0.027787864
2770	0.9977143	0.988	0.9948	0.98085713	0.9766667	0.9796	[1.0, 1.0, 0.99714285, 1.0, 1.0, 1.0, 0.99717516, 0.9884058, 0.9321534, 0.8956044]	[1.0, 1.0, 1.0, 1.0, 1.0, 1.0, 1.0, 1.0, 0.8819876, 0.88235295]	[1.0, 1.0, 0.998, 1.0, 1.0, 1.0, 0.998, 0.992, 0.916, 0.892]	0.90577316	0.02508241
2780	0.9925714	0.97933334	0.9886	0.982	0.9813333	0.9818	[1.0, 1.0, 0.99714285, 1.0, 1.0, 1.0, 0.99717516, 0.97971016, 0.9734513, 0.87637365]	[1.0, 1.0, 0.99333334, 1.0, 1.0, 1.0, 1.0, 1.0, 0.95652175, 0.85294116]	[1.0, 1.0, 0.996, 1.0, 1.0, 1.0, 0.998, 0.986, 0.968, 0.87]	0.86613464	0.01566273
2790	0.99457145	0.984	0.9914	0.978	0.9686667	0.9752	[1.0, 1.0, 0.99714285, 1.0, 1.0, 1.0, 0.99717516, 0.9942029, 0.91150445, 0.8818681]	[1.0, 1.0, 0.99333334, 1.0, 1.0, 1.0, 1.0, 1.0, 0.82608694, 0.86764705]	[1.0, 1.0, 0.996, 1.0, 1.0, 1.0, 0.998, 0.996, 0.884, 0.878]	0.7938118	0.029261112
2800	0.99057144	0.97933334	0.9872	0.9817143	0.98066664	0.9814	[1.0, 1.0, 0.99714285, 1.0, 1.0, 1.0, 0.99717516, 0.9681159, 0.9882006, 0.8708791]	[1.0, 1.0, 0.99333334, 1.0, 1.0, 1.0, 1.0, 0.9806452, 0.98136646, 0.8382353]	[1.0, 1.0, 0.996, 1.0, 1.0, 1.0, 0.998, 0.972, 0.986, 0.862]	0.81199074	0.014915645
2810	0.998	0.98466665	0.994	0.97914284	0.978	0.9788	[1.0, 1.0, 0.99714285, 1.0, 1.0, 1.0, 0.99717516, 0.9449275, 0.9557522, 0.89835167]	[1.0, 1.0, 0.99333334, 1.0, 1.0, 1.0, 1.0, 0.9806452, 0.91925466, 0.88235295]	[1.0, 1.0, 0.996, 1.0, 1.0, 1.0, 0.998, 0.956, 0.944, 0.894]	0.8376999	0.026403368
2820	0.9965714	0.986	0.9934	0.98228574	0.978	0.981	[1.0, 1.0, 0.99714285, 1.0, 1.0, 1.0, 0.99717516, 0.99130434, 0.94100296, 0.89835167]	[1.0, 1.0, 1.0, 1.0, 1.0, 1.0, 1.0, 1.0, 0.9006211, 0.875]	[1.0, 1.0, 0.998, 1.0, 1.0, 1.0, 0.998, 0.994, 0.928, 0.892]	0.9167557	0.02356124
2830	0.99485713	0.98466665	0.9918	0.98057145	0.9773333	0.9796	[1.0, 1.0, 0.99714285, 1.0, 1.0, 1.0, 0.99717516, 0.9942029, 0.9321534, 0.88736266]	[1.0, 1.0, 1.0, 1.0, 1.0, 1.0, 1.0, 1.0, 0.9006211, 0.86764705]	[1.0, 1.0, 0.998, 1.0, 1.0, 1.0, 0.998, 0.996, 0.922, 0.882]	0.8669586	0.023410618
2840	0.9965714	0.9773333	0.9908	0.97657144	0.97866666	0.9772	[1.0, 1.0, 0.99714285, 1.0, 1.0, 1.0, 0.99717516, 0.8927536, 0.9734513, 0.9065934]	[1.0, 1.0, 1.0, 1.0, 1.0, 1.0, 1.0, 0.9419355, 0.9627329, 0.875]	[1.0, 1.0, 0.998, 1.0, 1.0, 1.0, 0.998, 0.908, 0.97, 0.898]	0.816061	0.016121626
2850	0.9994286	0.98466665	0.995	0.9794286	0.97866666	0.9792	[1.0, 1.0, 0.99714285, 1.0, 1.0, 1.0, 0.99717516, 0.93333334, 0.95280236, 0.91483516]	[1.0, 1.0, 1.0, 1.0, 1.0, 1.0, 1.0, 0.9677419, 0.93167704, 0.88235295]	[1.0, 1.0, 0.998, 1.0, 1.0, 1.0, 0.998, 0.944, 0.946, 0.906]	0.93091583	0.019201934
2860	0.9974286	0.98866665	0.9948	0.9811429	0.9766667	0.9798	[1.0, 1.0, 0.99714285, 1.0, 1.0, 1.0, 0.99717516, 0.98550725, 0.94100296, 0.89285713]	[1.0, 1.0, 0.99333334, 1.0, 1.0, 1.0, 1.0, 1.0, 0.89440995, 0.875]	[1.0, 1.0, 0.996, 1.0, 1.0, 1.0, 0.998, 0.99, 0.926, 0.888]	0.8695183	0.027086258
2870	0.9937143	0.98466665	0.991	0.9837143	0.982	0.9832	[1.0, 1.0, 0.99714285, 1.0, 1.0, 1.0, 0.99717516, 0.9942029, 0.9734513, 0.8791209]	[1.0, 1.0, 0.99333334, 1.0, 1.0, 1.0, 1.0, 1.0, 0.9627329, 0.85294116]	[1.0, 1.0, 0.996, 1.0, 1.0, 1.0, 0.998, 0.996, 0.97, 0.872]	0.8684311	0.018125057
2880	0.99885714	0.9853333	0.9948	0.98	0.9766667	0.979	[1.0, 1.0, 0.99714285, 1.0, 1.0, 1.0, 0.99717516, 0.942029, 0.94100296, 0.9230769]	[1.0, 1.0, 0.99333334, 1.0, 1.0, 1.0, 1.0, 0.9741936, 0.9068323, 0.8897059]	[1.0, 1.0, 0.996, 1.0, 1.0, 1.0, 0.998, 0.952, 0.93, 0.914]	0.87117386	0.024936259
2890	0.9991429	0.9813333	0.9938	0.97885716	0.9766667	0.9782	[1.0, 1.0, 0.99714285, 1.0, 1.0, 1.0, 0.99717516, 0.915942, 0.96460176, 0.91483516]	[1.0, 1.0, 1.0, 1.0, 1.0, 1.0, 0.9931507, 0.9677419, 0.9254658, 0.875]	[1.0, 1.0, 0.998, 1.0, 1.0, 1.0, 0.996, 0.932, 0.952, 0.904]	0.86314774	0.015286565
2900	0.99628574	0.986	0.9932	0.9817143	0.97866666	0.9808	[1.0, 1.0, 0.99714285, 1.0, 1.0, 1.0, 0.99717516, 0.9884058, 0.9439528, 0.89285713]	[1.0, 1.0, 1.0, 1.0, 1.0, 1.0, 1.0, 1.0, 0.9130435, 0.86764705]	[1.0, 1.0, 0.998, 1.0, 1.0, 1.0, 0.998, 0.992, 0.934, 0.886]	0.8525982	0.01812923
2910	0.9974286	0.98733336	0.9944	0.98285717	0.98066664	0.9822	[1.0, 1.0, 0.99714285, 1.0, 1.0, 1.0, 0.99717516, 0.97971016, 0.9557522, 0.9010989]	[1.0, 1.0, 1.0, 1.0, 1.0, 1.0, 1.0, 1.0, 0.93167704, 0.86764705]	[1.0, 1.0, 0.998, 1.0, 1.0, 1.0, 0.998, 0.986, 0.948, 0.892]	0.8310108	0.019565165
2920	0.998	0.986	0.9944	0.97885716	0.97066665	0.9764	[1.0, 1.0, 0.99714285, 1.0, 1.0, 1.0, 0.99717516, 0.95072466, 0.920354, 0.9230769]	[1.0, 1.0, 0.99333334, 1.0, 1.0, 1.0, 1.0, 0.9806452, 0.8385093, 0.89705884]	[1.0, 1.0, 0.996, 1.0, 1.0, 1.0, 0.998, 0.96, 0.894, 0.916]	0.83764267	0.029877841
2930	0.9951429	0.98733336	0.9928	0.9785714	0.96466666	0.9744	[1.0, 1.0, 1.0, 1.0, 1.0, 1.0, 0.99717516, 0.9942029, 0.9026549, 0.89285713]	[1.0, 1.0, 1.0, 1.0, 1.0, 1.0, 1.0, 1.0, 0.7763975, 0.875]	[1.0, 1.0, 1.0, 1.0, 1.0, 1.0, 0.998, 0.996, 0.862, 0.888]	0.91565895	0.029121459
2940	0.9965714	0.98466665	0.993	0.984	0.9813333	0.9832	[1.0, 1.0, 0.99714285, 1.0, 1.0, 1.0, 0.99717516, 0.9826087, 0.9705015, 0.8956044]	[1.0, 1.0, 0.99333334, 1.0, 1.0, 1.0, 0.9931507, 0.9935484, 0.9503106, 0.875]	[1.0, 1.0, 0.996, 1.0, 1.0, 1.0, 0.996, 0.986, 0.964, 0.89]	0.81974983	0.019223452
2950	0.99114287	0.98333335	0.9888	0.97742856	0.9726667	0.976	[1.0, 1.0, 0.99714285, 1.0, 1.0, 1.0, 0.99717516, 0.9942029, 0.9262537, 0.86263734]	[1.0, 1.0, 1.0, 1.0, 1.0, 1.0, 1.0, 1.0, 0.8819876, 0.8382353]	[1.0, 1.0, 0.998, 1.0, 1.0, 1.0, 0.998, 0.996, 0.912, 0.856]	0.72667694	0.02369231
2960	0.9965714	0.986	0.9934	0.9834286	0.9826667	0.9832	[1.0, 1.0, 0.99714285, 1.0, 1.0, 1.0, 0.99717516, 0.9884058, 0.96460176, 0.8901099]	[1.0, 1.0, 1.0, 1.0, 1.0, 1.0, 1.0, 1.0, 0.9503106, 0.86764705]	[1.0, 1.0, 0.998, 1.0, 1.0, 1.0, 0.998, 0.992, 0.96, 0.884]	0.88142776	0.01722318
2970	0.99457145	0.98466665	0.9916	0.9842857	0.98333335	0.984	[1.0, 1.0, 0.99714285, 1.0, 1.0, 1.0, 0.99717516, 0.99130434, 0.97935104, 0.8818681]	[1.0, 1.0, 0.99333334, 1.0, 1.0, 1.0, 1.0, 1.0, 0.9751553, 0.85294116]	[1.0, 1.0, 0.996, 1.0, 1.0, 1.0, 0.998, 0.994, 0.978, 0.874]	0.9165497	0.014881432
2980	0.99114287	0.982	0.9884	0.98142856	0.9813333	0.9814	[1.0, 1.0, 0.99714285, 1.0, 1.0, 1.0, 0.99717516, 0.9942029, 0.9734513, 0.85714287]	[1.0, 1.0, 0.99333334, 1.0, 1.0, 1.0, 1.0, 1.0, 0.95652175, 0.85294116]	[1.0, 1.0, 0.996, 1.0, 1.0, 1.0, 0.998, 0.996, 0.968, 0.856]	0.88344	0.014862955
2990	0.9994286	0.98733336	0.9958	0.98142856	0.97866666	0.9806	[1.0, 1.0, 0.99714285, 1.0, 1.0, 1.0, 0.99717516, 0.9710145, 0.9380531, 0.9120879]	[1.0, 1.0, 1.0, 1.0, 1.0, 1.0, 1.0, 1.0, 0.9068323, 0.875]	[1.0, 1.0, 0.998, 1.0, 1.0, 1.0, 0.998, 0.98, 0.928, 0.902]	0.8524399	0.021795869
3000	0.99885714	0.98333335	0.9942	0.9837143	0.9813333	0.983	[1.0, 1.0, 0.99714285, 1.0, 1.0, 1.0, 0.99717516, 0.9652174, 0.96755165, 0.9120879]	[1.0, 1.0, 1.0, 1.0, 1.0, 1.0, 1.0, 0.9870968, 0.94409937, 0.875]	[1.0, 1.0, 0.998, 1.0, 1.0, 1.0, 0.998, 0.972, 0.96, 0.902]	0.7869377	0.014084399
3010	0.99	0.982	0.9876	0.98142856	0.9813333	0.9814	[1.0, 1.0, 0.99714285, 1.0, 1.0, 1.0, 0.99717516, 0.9942029, 0.96755165, 0.86263734]	[1.0, 1.0, 0.99333334, 1.0, 1.0, 1.0, 1.0, 1.0, 0.95652175, 0.85294116]	[1.0, 1.0, 0.996, 1.0, 1.0, 1.0, 0.998, 0.996, 0.964, 0.86]	0.8418255	0.014021158
3020	0.97828573	0.952	0.9704	0.9505714	0.9433333	0.9484	[1.0, 1.0, 0.99714285, 1.0, 1.0, 1.0, 0.99717516, 0.6231884, 0.9321534, 0.9505494]	[1.0, 1.0, 0.99333334, 1.0, 1.0, 1.0, 1.0, 0.6516129, 0.8509317, 0.9558824]	[1.0, 1.0, 0.996, 1.0, 1.0, 1.0, 0.998, 0.632, 0.906, 0.952]	0.82302666	0.02399379
3030	0.9994286	0.9813333	0.994	0.98142856	0.97866666	0.9806	[1.0, 1.0, 0.99714285, 1.0, 1.0, 1.0, 0.99717516, 0.95652175, 0.9557522, 0.9093407]	[1.0, 1.0, 1.0, 1.0, 1.0, 1.0, 0.9931507, 0.9870968, 0.91925466, 0.88235295]	[1.0, 1.0, 0.998, 1.0, 1.0, 1.0, 0.996, 0.966, 0.944, 0.902]	0.8395481	0.015090823
3040	0.9977143	0.9866667	0.9944	0.9834286	0.982	0.983	[1.0, 1.0, 0.99714285, 1.0, 1.0, 1.0, 0.99717516, 0.9681159, 0.96755165, 0.9065934]	[1.0, 1.0, 1.0, 1.0, 1.0, 1.0, 1.0, 1.0, 0.9378882, 0.875]	[1.0, 1.0, 0.998, 1.0, 1.0, 1.0, 0.998, 0.978, 0.958, 0.898]	0.8709488	0.013029695
3050	0.9982857	0.98333335	0.9938	0.9802857	0.9766667	0.9792	[1.0, 1.0, 0.99714285, 1.0, 1.0, 1.0, 0.99717516, 0.9449275, 0.95280236, 0.9120879]	[1.0, 1.0, 0.99333334, 1.0, 1.0, 1.0, 1.0, 0.9741936, 0.9130435, 0.88235295]	[1.0, 1.0, 0.996, 1.0, 1.0, 1.0, 0.998, 0.954, 0.94, 0.904]	0.78946495	0.021724343
3060	0.9965714	0.98866665	0.9942	0.982	0.97866666	0.981	[1.0, 1.0, 0.99714285, 1.0, 1.0, 1.0, 0.99717516, 0.9884058, 0.9439528, 0.8956044]	[1.0, 1.0, 0.99333334, 1.0, 1.0, 1.0, 1.0, 1.0, 0.91925466, 0.86764705]	[1.0, 1.0, 0.996, 1.0, 1.0, 1.0, 0.998, 0.992, 0.936, 0.888]	0.85159874	0.022255957
3070	0.9974286	0.98933333	0.995	0.98	0.976	0.9788	[1.0, 1.0, 0.99714285, 1.0, 1.0, 1.0, 0.99717516, 0.98550725, 0.92330384, 0.89835167]	[1.0, 1.0, 1.0, 1.0, 1.0, 1.0, 1.0, 1.0, 0.8757764, 0.88235295]	[1.0, 1.0, 0.998, 1.0, 1.0, 1.0, 0.998, 0.99, 0.908, 0.894]	0.8426037	0.0229702
3080	0.9982857	0.984	0.994	0.984	0.9813333	0.9832	[1.0, 1.0, 0.99714285, 1.0, 1.0, 1.0, 0.99717516, 0.9710145, 0.96755165, 0.9093407]	[1.0, 1.0, 1.0, 1.0, 1.0, 1.0, 1.0, 0.9935484, 0.94409937, 0.86764705]	[1.0, 1.0, 0.998, 1.0, 1.0, 1.0, 0.998, 0.978, 0.96, 0.898]	0.8009453	0.013476074
3090	0.99542856	0.986	0.9926	0.98	0.974	0.9782	[1.0, 1.0, 0.99714285, 1.0, 1.0, 1.0, 0.99717516, 0.99130434, 0.92330384, 0.89285713]	[1.0, 1.0, 0.99333334, 1.0, 1.0, 1.0, 1.0, 1.0, 0.8695652, 0.875]	[1.0, 1.0, 0.996, 1.0, 1.0, 1.0, 0.998, 0.994, 0.906, 0.888]	0.7383518	0.024850786
3100	0.99885714	0.98466665	0.9946	0.98228574	0.98333335	0.9826	[1.0, 1.0, 0.99714285, 1.0, 1.0, 1.0, 0.99717516, 0.9449275, 0.9734513, 0.9120879]	[1.0, 1.0, 0.99333334, 1.0, 1.0, 1.0, 1.0, 0.9870968, 0.9689441, 0.875]	[1.0, 1.0, 0.996, 1.0, 1.0, 1.0, 0.998, 0.958, 0.972, 0.902]	0.7978554	0.015129328
3110	0.9994286	0.982	0.9942	0.9811429	0.9813333	0.9812	[1.0, 1.0, 0.99714285, 1.0, 1.0, 1.0, 0.99717516, 0.95652175, 0.95280236, 0.9093407]	[1.0, 1.0, 0.99333334, 1.0, 1.0, 1.0, 1.0, 0.9806452, 0.9503106, 0.88235295]	[1.0, 1.0, 0.996, 1.0, 1.0, 1.0, 0.998, 0.964, 0.952, 0.902]	0.8056145	0.017600358
