              precision    recall  f1-score   support

           0     1.0000    1.0000    1.0000       154
           1     1.0000    1.0000    1.0000       164
           2     1.0000    0.9933    0.9967       150
           3     1.0000    1.0000    1.0000       146
           4     1.0000    1.0000    1.0000       150
           5     1.0000    1.0000    1.0000       138
           6     0.9932    1.0000    0.9966       146
           7     0.9281    1.0000    0.9627       155
           8     0.9290    0.9752    0.9515       161
           9     1.0000    0.8529    0.9206       136

    accuracy                         0.9833      1500
   macro avg     0.9850    0.9821    0.9828      1500
weighted avg     0.9843    0.9833    0.9831      1500
